time_step, score
0, 0.5384615384615384
1, 0.5384615384615384
2, 0.5384615384615384
3, 0.5384615384615384
4, 0.5384615384615384
5, 0.5384615384615384
6, 0.5384615384615384
7, 0.5384615384615384
8, 0.5769230769230769
9, 0.5769230769230769
10, 0.5769230769230769
11, 0.5769230769230769
12, 0.5769230769230769
13, 0.5769230769230769
14, 0.5769230769230769
15, 0.5769230769230769
16, 0.5769230769230769
17, 0.5769230769230769
18, 0.5769230769230769
19, 0.5769230769230769
20, 0.5769230769230769
21, 0.5769230769230769
22, 0.5769230769230769
23, 0.5769230769230769
24, 0.5769230769230769
25, 0.5769230769230769
26, 0.5769230769230769
27, 0.5769230769230769
28, 0.5769230769230769
29, 0.5769230769230769
30, 0.5769230769230769
31, 0.5769230769230769
32, 0.5769230769230769
33, 0.5769230769230769
34, 0.5769230769230769
35, 0.5769230769230769
36, 0.5769230769230769
37, 0.5769230769230769
38, 0.5769230769230769
39, 0.5769230769230769
40, 0.5769230769230769
41, 0.5769230769230769
42, 0.5769230769230769
43, 0.5769230769230769
44, 0.5769230769230769
45, 0.5769230769230769
46, 0.5769230769230769
47, 0.5769230769230769
48, 0.5769230769230769
49, 0.5769230769230769
50, 0.5769230769230769
51, 0.5769230769230769
52, 0.5769230769230769
53, 0.5769230769230769
54, 0.5769230769230769
55, 0.5769230769230769
56, 0.5769230769230769
57, 0.5769230769230769
58, 0.5769230769230769
59, 0.5769230769230769
60, 0.5769230769230769
61, 0.5769230769230769
62, 0.5769230769230769
63, 0.5769230769230769
64, 0.5769230769230769
65, 0.5769230769230769
66, 0.5769230769230769
67, 0.5769230769230769
68, 0.5769230769230769
69, 0.5769230769230769
70, 0.5769230769230769
71, 0.5769230769230769
72, 0.5769230769230769
73, 0.5769230769230769
74, 0.5769230769230769
75, 0.5769230769230769
76, 0.5769230769230769
77, 0.5769230769230769
78, 0.5769230769230769
79, 0.5769230769230769
80, 0.5769230769230769
81, 0.5769230769230769
82, 0.5769230769230769
83, 0.5769230769230769
84, 0.5769230769230769
85, 0.5769230769230769
86, 0.5769230769230769
87, 0.5769230769230769
88, 0.5769230769230769
89, 0.5769230769230769
90, 0.5769230769230769
91, 0.5769230769230769
92, 0.5769230769230769
93, 0.5769230769230769
94, 0.5769230769230769
95, 0.5769230769230769
96, 0.5769230769230769
97, 0.5769230769230769
98, 0.5769230769230769
99, 0.5769230769230769
100, 0.5769230769230769
101, 0.5769230769230769
102, 0.5769230769230769
103, 0.5769230769230769
104, 0.5769230769230769
105, 0.5769230769230769
106, 0.5769230769230769
107, 0.5769230769230769
108, 0.5769230769230769
109, 0.5769230769230769
110, 0.5769230769230769
111, 0.5769230769230769
112, 0.5769230769230769
113, 0.5769230769230769
114, 0.5769230769230769
115, 0.5769230769230769
116, 0.5769230769230769
117, 0.5769230769230769
118, 0.5769230769230769
119, 0.5769230769230769
120, 0.5769230769230769
121, 0.5769230769230769
122, 0.5769230769230769
123, 0.5769230769230769
124, 0.5769230769230769
125, 0.5769230769230769
126, 0.5769230769230769
127, 0.5769230769230769
128, 0.5769230769230769
129, 0.5769230769230769
130, 0.5769230769230769
131, 0.5769230769230769
132, 0.5769230769230769
133, 0.5769230769230769
134, 0.5769230769230769
135, 0.5769230769230769
136, 0.5769230769230769
137, 0.5769230769230769
138, 0.5769230769230769
139, 0.5769230769230769
140, 0.5769230769230769
141, 0.5769230769230769
142, 0.5769230769230769
143, 0.5769230769230769
144, 0.5769230769230769
145, 0.5769230769230769
146, 0.5769230769230769
147, 0.5769230769230769
148, 0.5769230769230769
149, 0.5769230769230769
150, 0.5769230769230769
151, 0.5769230769230769
152, 0.5769230769230769
153, 0.5769230769230769
154, 0.5769230769230769
155, 0.5769230769230769
156, 0.5769230769230769
157, 0.5769230769230769
158, 0.5769230769230769
159, 0.5769230769230769
160, 0.5769230769230769
161, 0.5769230769230769
162, 0.5769230769230769
163, 0.5769230769230769
164, 0.5769230769230769
165, 0.5769230769230769
166, 0.5769230769230769
167, 0.5769230769230769
168, 0.5769230769230769
169, 0.5769230769230769
170, 0.5769230769230769
171, 0.5769230769230769
172, 0.5769230769230769
173, 0.5769230769230769
174, 0.5769230769230769
175, 0.5769230769230769
176, 0.5769230769230769
177, 0.5769230769230769
178, 0.5769230769230769
179, 0.5769230769230769
180, 0.5769230769230769
181, 0.5769230769230769
182, 0.5769230769230769
183, 0.5769230769230769
184, 0.5769230769230769
185, 0.5769230769230769
186, 0.5769230769230769
187, 0.5769230769230769
188, 0.5769230769230769
189, 0.5769230769230769
190, 0.5769230769230769
191, 0.5769230769230769
192, 0.5769230769230769
193, 0.5769230769230769
194, 0.5769230769230769
195, 0.5769230769230769
196, 0.5769230769230769
197, 0.5769230769230769
198, 0.5769230769230769
199, 0.5769230769230769
200, 0.5769230769230769
201, 0.5769230769230769
202, 0.5769230769230769
203, 0.5769230769230769
204, 0.5769230769230769
205, 0.5769230769230769
206, 0.5769230769230769
207, 0.5769230769230769
208, 0.5769230769230769
209, 0.5769230769230769
210, 0.5769230769230769
211, 0.5769230769230769
212, 0.5769230769230769
213, 0.5769230769230769
214, 0.5769230769230769
215, 0.5769230769230769
216, 0.5769230769230769
217, 0.5769230769230769
218, 0.5769230769230769
219, 0.5769230769230769
220, 0.5769230769230769
221, 0.5769230769230769
222, 0.5769230769230769
223, 0.5769230769230769
224, 0.5769230769230769
225, 0.5769230769230769
226, 0.5769230769230769
227, 0.5769230769230769
228, 0.5769230769230769
229, 0.5769230769230769
230, 0.5769230769230769
231, 0.5769230769230769
232, 0.5769230769230769
233, 0.5769230769230769
234, 0.5769230769230769
235, 0.5769230769230769
236, 0.5769230769230769
237, 0.5769230769230769
238, 0.5769230769230769
239, 0.5769230769230769
240, 0.5769230769230769
241, 0.5769230769230769
242, 0.5769230769230769
243, 0.5769230769230769
244, 0.5769230769230769
245, 0.5769230769230769
246, 0.5769230769230769
247, 0.5769230769230769
248, 0.5769230769230769
249, 0.5769230769230769
250, 0.5769230769230769
251, 0.5769230769230769
252, 0.5769230769230769
253, 0.5769230769230769
254, 0.5769230769230769
255, 0.5769230769230769
256, 0.5769230769230769
257, 0.5769230769230769
258, 0.5769230769230769
259, 0.5769230769230769
260, 0.5769230769230769
261, 0.5769230769230769
262, 0.5769230769230769
263, 0.5769230769230769
264, 0.5769230769230769
265, 0.5769230769230769
266, 0.5769230769230769
267, 0.5769230769230769
268, 0.5769230769230769
269, 0.5769230769230769
270, 0.5769230769230769
271, 0.5769230769230769
272, 0.5769230769230769
273, 0.5769230769230769
274, 0.5769230769230769
275, 0.5769230769230769
276, 0.5769230769230769
277, 0.5769230769230769
278, 0.5769230769230769
279, 0.5769230769230769
280, 0.5769230769230769
281, 0.5769230769230769
282, 0.5769230769230769
283, 0.5769230769230769
284, 0.5769230769230769
285, 0.5769230769230769
286, 0.5769230769230769
287, 0.5769230769230769
288, 0.5769230769230769
289, 0.5769230769230769
290, 0.5769230769230769
291, 0.5769230769230769
292, 0.5769230769230769
293, 0.5769230769230769
294, 0.5769230769230769
295, 0.5769230769230769
296, 0.5769230769230769
297, 0.5769230769230769
298, 0.5769230769230769
299, 0.5769230769230769
300, 0.5769230769230769
301, 0.5769230769230769
302, 0.5769230769230769
303, 0.5769230769230769
304, 0.5769230769230769
305, 0.5769230769230769
306, 0.5769230769230769
307, 0.5769230769230769
308, 0.5769230769230769
309, 0.5769230769230769
310, 0.5769230769230769
311, 0.5769230769230769
312, 0.5769230769230769
313, 0.5769230769230769
314, 0.5769230769230769
315, 0.5769230769230769
316, 0.5769230769230769
317, 0.5769230769230769
318, 0.5769230769230769
319, 0.5769230769230769
320, 0.5769230769230769
321, 0.5769230769230769
322, 0.5769230769230769
323, 0.5769230769230769
324, 0.5769230769230769
325, 0.5769230769230769
326, 0.5769230769230769
327, 0.5769230769230769
328, 0.5769230769230769
329, 0.5769230769230769
330, 0.5769230769230769
331, 0.5769230769230769
332, 0.5769230769230769
333, 0.5769230769230769
334, 0.5769230769230769
335, 0.5769230769230769
336, 0.5769230769230769
337, 0.5769230769230769
338, 0.5769230769230769
339, 0.5769230769230769
340, 0.5769230769230769
341, 0.5769230769230769
342, 0.5769230769230769
343, 0.5769230769230769
344, 0.5769230769230769
345, 0.5769230769230769
346, 0.5769230769230769
347, 0.5769230769230769
348, 0.5769230769230769
349, 0.5769230769230769
350, 0.5769230769230769
351, 0.5769230769230769
352, 0.5769230769230769
353, 0.5769230769230769
354, 0.5769230769230769
355, 0.5769230769230769
356, 0.5769230769230769
357, 0.5769230769230769
358, 0.5769230769230769
359, 0.5769230769230769
360, 0.5769230769230769
361, 0.5769230769230769
362, 0.5769230769230769
363, 0.5769230769230769
364, 0.5769230769230769
365, 0.5769230769230769
366, 0.5769230769230769
367, 0.5769230769230769
368, 0.5769230769230769
369, 0.5769230769230769
370, 0.5769230769230769
371, 0.5769230769230769
372, 0.5769230769230769
373, 0.5769230769230769
374, 0.5769230769230769
375, 0.5769230769230769
376, 0.5769230769230769
377, 0.5769230769230769
378, 0.5769230769230769
379, 0.5769230769230769
380, 0.5769230769230769
381, 0.5769230769230769
382, 0.5769230769230769
383, 0.5769230769230769
384, 0.5769230769230769
385, 0.5769230769230769
386, 0.5769230769230769
387, 0.5769230769230769
388, 0.5769230769230769
389, 0.5769230769230769
390, 0.5769230769230769
391, 0.5769230769230769
392, 0.5769230769230769
393, 0.5769230769230769
394, 0.5769230769230769
395, 0.5769230769230769
396, 0.5769230769230769
397, 0.5769230769230769
398, 0.5769230769230769
399, 0.5769230769230769
400, 0.5769230769230769
401, 0.5769230769230769
402, 0.5769230769230769
403, 0.5769230769230769
404, 0.5769230769230769
405, 0.5769230769230769
406, 0.5769230769230769
407, 0.5769230769230769
408, 0.5769230769230769
409, 0.5769230769230769
410, 0.5769230769230769
411, 0.5769230769230769
412, 0.5769230769230769
413, 0.5769230769230769
414, 0.5769230769230769
415, 0.5769230769230769
416, 0.5769230769230769
417, 0.5769230769230769
418, 0.5769230769230769
419, 0.5769230769230769
420, 0.5769230769230769
421, 0.5769230769230769
422, 0.5769230769230769
423, 0.5769230769230769
424, 0.5769230769230769
425, 0.5769230769230769
426, 0.5769230769230769
427, 0.5769230769230769
428, 0.5769230769230769
429, 0.5769230769230769
430, 0.5769230769230769
431, 0.5769230769230769
432, 0.5769230769230769
433, 0.5769230769230769
434, 0.5769230769230769
435, 0.5769230769230769
436, 0.5769230769230769
437, 0.5769230769230769
438, 0.5769230769230769
439, 0.5769230769230769
440, 0.5769230769230769
441, 0.5769230769230769
442, 0.5769230769230769
443, 0.5769230769230769
444, 0.5769230769230769
445, 0.5769230769230769
446, 0.5769230769230769
447, 0.5769230769230769
448, 0.5769230769230769
449, 0.5769230769230769
450, 0.5769230769230769
451, 0.5769230769230769
452, 0.5769230769230769
453, 0.5769230769230769
454, 0.5769230769230769
455, 0.5769230769230769
456, 0.5769230769230769
457, 0.5769230769230769
458, 0.5769230769230769
459, 0.5769230769230769
460, 0.5769230769230769
461, 0.5769230769230769
462, 0.5769230769230769
463, 0.5769230769230769
464, 0.5769230769230769
465, 0.5769230769230769
466, 0.5769230769230769
467, 0.5769230769230769
468, 0.5769230769230769
469, 0.5769230769230769
470, 0.5769230769230769
471, 0.5769230769230769
472, 0.5769230769230769
473, 0.5769230769230769
474, 0.5769230769230769
475, 0.5769230769230769
476, 0.5769230769230769
477, 0.5769230769230769
478, 0.5769230769230769
479, 0.5769230769230769
480, 0.5769230769230769
481, 0.5769230769230769
482, 0.5769230769230769
483, 0.5769230769230769
484, 0.5769230769230769
485, 0.5769230769230769
486, 0.5769230769230769
487, 0.5769230769230769
488, 0.5769230769230769
489, 0.5769230769230769
490, 0.5769230769230769
491, 0.5769230769230769
492, 0.5769230769230769
493, 0.5769230769230769
494, 0.5769230769230769
495, 0.5769230769230769
496, 0.5769230769230769
497, 0.5769230769230769
498, 0.5769230769230769
499, 0.5769230769230769
500, 0.5769230769230769
501, 0.5769230769230769
502, 0.5769230769230769
503, 0.5769230769230769
504, 0.5769230769230769
505, 0.5769230769230769
506, 0.5769230769230769
507, 0.5769230769230769
508, 0.5769230769230769
509, 0.5769230769230769
510, 0.5769230769230769
511, 0.5769230769230769
512, 0.5769230769230769
513, 0.5769230769230769
514, 0.5769230769230769
515, 0.5769230769230769
516, 0.5769230769230769
517, 0.5769230769230769
518, 0.5769230769230769
519, 0.5769230769230769
520, 0.5769230769230769
521, 0.5769230769230769
522, 0.5769230769230769
523, 0.5769230769230769
524, 0.5769230769230769
525, 0.5769230769230769
526, 0.5769230769230769
527, 0.5769230769230769
528, 0.5769230769230769
529, 0.5769230769230769
530, 0.5769230769230769
531, 0.5769230769230769
532, 0.5769230769230769
533, 0.5769230769230769
534, 0.5769230769230769
535, 0.5769230769230769
536, 0.5769230769230769
537, 0.5769230769230769
538, 0.5769230769230769
539, 0.5769230769230769
540, 0.5769230769230769
541, 0.5769230769230769
542, 0.5769230769230769
543, 0.5769230769230769
544, 0.5769230769230769
545, 0.5769230769230769
546, 0.5769230769230769
547, 0.5769230769230769
548, 0.5769230769230769
549, 0.5769230769230769
550, 0.5769230769230769
551, 0.5769230769230769
552, 0.5769230769230769
553, 0.5769230769230769
554, 0.5769230769230769
555, 0.5769230769230769
556, 0.5769230769230769
557, 0.5769230769230769
558, 0.5769230769230769
559, 0.5769230769230769
560, 0.5769230769230769
561, 0.5769230769230769
562, 0.5769230769230769
563, 0.5769230769230769
564, 0.5769230769230769
565, 0.5769230769230769
566, 0.5769230769230769
567, 0.5769230769230769
568, 0.5769230769230769
569, 0.5769230769230769
570, 0.5769230769230769
571, 0.5769230769230769
572, 0.5769230769230769
573, 0.5769230769230769
574, 0.5769230769230769
575, 0.5769230769230769
576, 0.5769230769230769
577, 0.5769230769230769
578, 0.5769230769230769
579, 0.5769230769230769
580, 0.5769230769230769
581, 0.5769230769230769
582, 0.5769230769230769
583, 0.5769230769230769
584, 0.5769230769230769
585, 0.5769230769230769
586, 0.5769230769230769
587, 0.5769230769230769
588, 0.5769230769230769
589, 0.5769230769230769
590, 0.5769230769230769
591, 0.5769230769230769
592, 0.5769230769230769
593, 0.5769230769230769
594, 0.5769230769230769
595, 0.5769230769230769
596, 0.5769230769230769
597, 0.5769230769230769
598, 0.5769230769230769
599, 0.5769230769230769
600, 0.5769230769230769
601, 0.5769230769230769
602, 0.5769230769230769
603, 0.5769230769230769
604, 0.5769230769230769
605, 0.5769230769230769
606, 0.5769230769230769
607, 0.5769230769230769
608, 0.5769230769230769
609, 0.5769230769230769
610, 0.5769230769230769
611, 0.5769230769230769
612, 0.5769230769230769
613, 0.5769230769230769
614, 0.5769230769230769
615, 0.5769230769230769
616, 0.5769230769230769
617, 0.5769230769230769
618, 0.5769230769230769
619, 0.5769230769230769
620, 0.5769230769230769
621, 0.5769230769230769
622, 0.5769230769230769
623, 0.5769230769230769
624, 0.5769230769230769
625, 0.5769230769230769
626, 0.5769230769230769
627, 0.5769230769230769
628, 0.5769230769230769
629, 0.5769230769230769
630, 0.5769230769230769
631, 0.5769230769230769
632, 0.5769230769230769
633, 0.5769230769230769
634, 0.5769230769230769
635, 0.5769230769230769
636, 0.5769230769230769
637, 0.5769230769230769
638, 0.5769230769230769
639, 0.5769230769230769
640, 0.5769230769230769
641, 0.5769230769230769
642, 0.5769230769230769
643, 0.5769230769230769
644, 0.5769230769230769
645, 0.5769230769230769
646, 0.5769230769230769
647, 0.5769230769230769
648, 0.5769230769230769
649, 0.5769230769230769
650, 0.5769230769230769
651, 0.5769230769230769
652, 0.5769230769230769
653, 0.5769230769230769
654, 0.5769230769230769
655, 0.5769230769230769
656, 0.5769230769230769
657, 0.5769230769230769
658, 0.5769230769230769
659, 0.5769230769230769
660, 0.5769230769230769
661, 0.5769230769230769
662, 0.5769230769230769
663, 0.5769230769230769
664, 0.5769230769230769
665, 0.5769230769230769
666, 0.5769230769230769
667, 0.5769230769230769
668, 0.5769230769230769
669, 0.5769230769230769
670, 0.5769230769230769
671, 0.5769230769230769
672, 0.5769230769230769
673, 0.5769230769230769
674, 0.5769230769230769
675, 0.5769230769230769
676, 0.5769230769230769
677, 0.5769230769230769
678, 0.5769230769230769
679, 0.5769230769230769
680, 0.5769230769230769
681, 0.5769230769230769
682, 0.5769230769230769
683, 0.5769230769230769
684, 0.5769230769230769
685, 0.5769230769230769
686, 0.5769230769230769
687, 0.5769230769230769
688, 0.5769230769230769
689, 0.5769230769230769
690, 0.5769230769230769
691, 0.5769230769230769
692, 0.5769230769230769
693, 0.5769230769230769
694, 0.5769230769230769
695, 0.5769230769230769
696, 0.5769230769230769
697, 0.5769230769230769
698, 0.5769230769230769
699, 0.5769230769230769
700, 0.5769230769230769
701, 0.5769230769230769
702, 0.5769230769230769
703, 0.5769230769230769
704, 0.5769230769230769
705, 0.5769230769230769
706, 0.5769230769230769
707, 0.5769230769230769
708, 0.5769230769230769
709, 0.5769230769230769
710, 0.5769230769230769
711, 0.5769230769230769
712, 0.5769230769230769
713, 0.5769230769230769
714, 0.5769230769230769
715, 0.5769230769230769
716, 0.5769230769230769
717, 0.5769230769230769
718, 0.5769230769230769
719, 0.5769230769230769
720, 0.5769230769230769
721, 0.5769230769230769
722, 0.5769230769230769
723, 0.5769230769230769
724, 0.5769230769230769
725, 0.5769230769230769
726, 0.5769230769230769
727, 0.5769230769230769
728, 0.5769230769230769
729, 0.5769230769230769
730, 0.5769230769230769
731, 0.5769230769230769
732, 0.5769230769230769
733, 0.5769230769230769
734, 0.5769230769230769
735, 0.5769230769230769
736, 0.5769230769230769
737, 0.5769230769230769
738, 0.5769230769230769
739, 0.5769230769230769
740, 0.5769230769230769
741, 0.5769230769230769
742, 0.5769230769230769
743, 0.5769230769230769
744, 0.5769230769230769
745, 0.5769230769230769
746, 0.5769230769230769
747, 0.5769230769230769
748, 0.5769230769230769
749, 0.5769230769230769
750, 0.5769230769230769
751, 0.5769230769230769
752, 0.5769230769230769
753, 0.5769230769230769
754, 0.5769230769230769
755, 0.5769230769230769
756, 0.5769230769230769
757, 0.5769230769230769
758, 0.5769230769230769
759, 0.5769230769230769
760, 0.5769230769230769
761, 0.5769230769230769
762, 0.5769230769230769
763, 0.5769230769230769
764, 0.5769230769230769
765, 0.5769230769230769
766, 0.5769230769230769
767, 0.5769230769230769
768, 0.5769230769230769
769, 0.5769230769230769
770, 0.5769230769230769
771, 0.5769230769230769
772, 0.5769230769230769
773, 0.5769230769230769
774, 0.5769230769230769
775, 0.5769230769230769
776, 0.5769230769230769
777, 0.5769230769230769
778, 0.5769230769230769
779, 0.5769230769230769
780, 0.5769230769230769
781, 0.5769230769230769
782, 0.5769230769230769
783, 0.5769230769230769
784, 0.5769230769230769
785, 0.5769230769230769
786, 0.5769230769230769
787, 0.5769230769230769
788, 0.5769230769230769
789, 0.5769230769230769
790, 0.5769230769230769
791, 0.5769230769230769
792, 0.5769230769230769
793, 0.5769230769230769
794, 0.5769230769230769
795, 0.5769230769230769
796, 0.5769230769230769
797, 0.5769230769230769
798, 0.5769230769230769
799, 0.5769230769230769
800, 0.5769230769230769
801, 0.5769230769230769
802, 0.5769230769230769
803, 0.5769230769230769
804, 0.5769230769230769
805, 0.5769230769230769
806, 0.5769230769230769
807, 0.5769230769230769
808, 0.5769230769230769
809, 0.5769230769230769
810, 0.5769230769230769
811, 0.5769230769230769
812, 0.5769230769230769
813, 0.5769230769230769
814, 0.5769230769230769
815, 0.5769230769230769
816, 0.5769230769230769
817, 0.5769230769230769
818, 0.5769230769230769
819, 0.5769230769230769
820, 0.5769230769230769
821, 0.5769230769230769
822, 0.5769230769230769
823, 0.5769230769230769
824, 0.5769230769230769
825, 0.5769230769230769
826, 0.5769230769230769
827, 0.5769230769230769
828, 0.5769230769230769
829, 0.5769230769230769
830, 0.5769230769230769
831, 0.5769230769230769
832, 0.5769230769230769
833, 0.5769230769230769
834, 0.5769230769230769
835, 0.5769230769230769
836, 0.5769230769230769
837, 0.5769230769230769
838, 0.5769230769230769
839, 0.5769230769230769
840, 0.5769230769230769
841, 0.5769230769230769
842, 0.5769230769230769
843, 0.5769230769230769
844, 0.5769230769230769
845, 0.5769230769230769
846, 0.5769230769230769
847, 0.5769230769230769
848, 0.5769230769230769
849, 0.5769230769230769
850, 0.5769230769230769
851, 0.5769230769230769
852, 0.5769230769230769
853, 0.5769230769230769
854, 0.5769230769230769
855, 0.5769230769230769
856, 0.5769230769230769
857, 0.5769230769230769
858, 0.5769230769230769
859, 0.5769230769230769
860, 0.5769230769230769
861, 0.5769230769230769
862, 0.5769230769230769
863, 0.5769230769230769
864, 0.5769230769230769
865, 0.5769230769230769
866, 0.5769230769230769
867, 0.5769230769230769
868, 0.5769230769230769
869, 0.5769230769230769
870, 0.5769230769230769
871, 0.5769230769230769
872, 0.5769230769230769
873, 0.5769230769230769
874, 0.5769230769230769
875, 0.5769230769230769
876, 0.5769230769230769
877, 0.5769230769230769
878, 0.5769230769230769
879, 0.5769230769230769
880, 0.5769230769230769
881, 0.5769230769230769
882, 0.5769230769230769
883, 0.5769230769230769
884, 0.5769230769230769
885, 0.5769230769230769
886, 0.5769230769230769
887, 0.5769230769230769
888, 0.5769230769230769
889, 0.5769230769230769
890, 0.5769230769230769
891, 0.5769230769230769
892, 0.5769230769230769
893, 0.5769230769230769
894, 0.5769230769230769
895, 0.5769230769230769
896, 0.5769230769230769
897, 0.5769230769230769
898, 0.5769230769230769
899, 0.5769230769230769
900, 0.5769230769230769
901, 0.5769230769230769
902, 0.5769230769230769
903, 0.5769230769230769
904, 0.5769230769230769
905, 0.5769230769230769
906, 0.5769230769230769
907, 0.5769230769230769
908, 0.5769230769230769
909, 0.5769230769230769
910, 0.5769230769230769
911, 0.5769230769230769
912, 0.5769230769230769
913, 0.5769230769230769
914, 0.5769230769230769
915, 0.5769230769230769
916, 0.5769230769230769
917, 0.5769230769230769
918, 0.5769230769230769
919, 0.5769230769230769
920, 0.5769230769230769
921, 0.5769230769230769
922, 0.5769230769230769
923, 0.5769230769230769
924, 0.5769230769230769
925, 0.5769230769230769
926, 0.5769230769230769
927, 0.5769230769230769
928, 0.5769230769230769
929, 0.5769230769230769
930, 0.5769230769230769
931, 0.5769230769230769
932, 0.5769230769230769
933, 0.5769230769230769
934, 0.5769230769230769
935, 0.5769230769230769
936, 0.5769230769230769
937, 0.5769230769230769
938, 0.5769230769230769
939, 0.5769230769230769
940, 0.5769230769230769
941, 0.5769230769230769
942, 0.5769230769230769
943, 0.5769230769230769
944, 0.5769230769230769
945, 0.5769230769230769
946, 0.5769230769230769
947, 0.5769230769230769
948, 0.5769230769230769
949, 0.5769230769230769
950, 0.5769230769230769
951, 0.5769230769230769
952, 0.5769230769230769
953, 0.5769230769230769
954, 0.5769230769230769
955, 0.5769230769230769
956, 0.5769230769230769
957, 0.5769230769230769
958, 0.5769230769230769
959, 0.5769230769230769
960, 0.5769230769230769
961, 0.5769230769230769
962, 0.5769230769230769
963, 0.5769230769230769
964, 0.5769230769230769
965, 0.5769230769230769
966, 0.5769230769230769
967, 0.5769230769230769
968, 0.5769230769230769
969, 0.5769230769230769
970, 0.5769230769230769
971, 0.5769230769230769
972, 0.5769230769230769
973, 0.5769230769230769
974, 0.5769230769230769
975, 0.5769230769230769
976, 0.5769230769230769
977, 0.5769230769230769
978, 0.5769230769230769
979, 0.5769230769230769
980, 0.5769230769230769
981, 0.5769230769230769
982, 0.5769230769230769
983, 0.5769230769230769
984, 0.5769230769230769
985, 0.5769230769230769
986, 0.5769230769230769
987, 0.5769230769230769
988, 0.5769230769230769
989, 0.5769230769230769
990, 0.5769230769230769
991, 0.5769230769230769
992, 0.5769230769230769
993, 0.5769230769230769
994, 0.5769230769230769
995, 0.5769230769230769
996, 0.5769230769230769
997, 0.5769230769230769
998, 0.5769230769230769
999, 0.5769230769230769
1000, 0.5769230769230769
1001, 0.5769230769230769
1002, 0.5769230769230769
1003, 0.5769230769230769
1004, 0.5769230769230769
1005, 0.5769230769230769
1006, 0.5769230769230769
1007, 0.5769230769230769
1008, 0.5769230769230769
1009, 0.5769230769230769
1010, 0.5769230769230769
1011, 0.5769230769230769
1012, 0.5769230769230769
1013, 0.5769230769230769
1014, 0.5769230769230769
1015, 0.5769230769230769
1016, 0.5769230769230769
1017, 0.5769230769230769
1018, 0.5769230769230769
1019, 0.5769230769230769
1020, 0.5769230769230769
1021, 0.5769230769230769
1022, 0.5769230769230769
1023, 0.5769230769230769
1024, 0.5769230769230769
1025, 0.5769230769230769
1026, 0.5769230769230769
1027, 0.5769230769230769
1028, 0.5769230769230769
1029, 0.5769230769230769
1030, 0.5769230769230769
1031, 0.5769230769230769
1032, 0.5769230769230769
1033, 0.5769230769230769
1034, 0.5769230769230769
1035, 0.5769230769230769
1036, 0.5769230769230769
1037, 0.5769230769230769
1038, 0.5769230769230769
1039, 0.5769230769230769
1040, 0.5769230769230769
1041, 0.5769230769230769
1042, 0.5769230769230769
1043, 0.5769230769230769
1044, 0.5769230769230769
1045, 0.5769230769230769
1046, 0.5769230769230769
1047, 0.5769230769230769
1048, 0.5769230769230769
1049, 0.5769230769230769
1050, 0.5769230769230769
1051, 0.5769230769230769
1052, 0.5769230769230769
1053, 0.5769230769230769
1054, 0.5769230769230769
1055, 0.5769230769230769
1056, 0.5769230769230769
1057, 0.5769230769230769
1058, 0.5769230769230769
1059, 0.5769230769230769
1060, 0.5769230769230769
1061, 0.5769230769230769
1062, 0.5769230769230769
1063, 0.5769230769230769
1064, 0.5769230769230769
1065, 0.5769230769230769
1066, 0.5769230769230769
1067, 0.5769230769230769
1068, 0.5769230769230769
1069, 0.5769230769230769
1070, 0.5769230769230769
1071, 0.5769230769230769
1072, 0.5769230769230769
1073, 0.5769230769230769
1074, 0.5769230769230769
1075, 0.5769230769230769
1076, 0.5769230769230769
1077, 0.5769230769230769
1078, 0.5769230769230769
1079, 0.5769230769230769
1080, 0.5769230769230769
1081, 0.5769230769230769
1082, 0.5769230769230769
1083, 0.5769230769230769
1084, 0.5769230769230769
1085, 0.5769230769230769
1086, 0.5769230769230769
1087, 0.5769230769230769
1088, 0.5769230769230769
1089, 0.5769230769230769
1090, 0.5769230769230769
1091, 0.5769230769230769
1092, 0.5769230769230769
1093, 0.5769230769230769
1094, 0.5769230769230769
1095, 0.5769230769230769
1096, 0.5769230769230769
1097, 0.5769230769230769
1098, 0.5769230769230769
1099, 0.5769230769230769
1100, 0.5769230769230769
1101, 0.5769230769230769
1102, 0.5769230769230769
1103, 0.5769230769230769
1104, 0.5769230769230769
1105, 0.5769230769230769
1106, 0.5769230769230769
1107, 0.5769230769230769
1108, 0.5769230769230769
1109, 0.5769230769230769
1110, 0.5769230769230769
1111, 0.5769230769230769
1112, 0.5769230769230769
1113, 0.5769230769230769
1114, 0.5769230769230769
1115, 0.5769230769230769
1116, 0.5769230769230769
1117, 0.5769230769230769
1118, 0.5769230769230769
1119, 0.5769230769230769
1120, 0.5769230769230769
1121, 0.5769230769230769
1122, 0.5769230769230769
1123, 0.5769230769230769
1124, 0.5769230769230769
1125, 0.5769230769230769
1126, 0.5769230769230769
1127, 0.5769230769230769
1128, 0.5769230769230769
1129, 0.5769230769230769
1130, 0.5769230769230769
1131, 0.5769230769230769
1132, 0.5769230769230769
1133, 0.5769230769230769
1134, 0.5769230769230769
1135, 0.5769230769230769
1136, 0.5769230769230769
1137, 0.5769230769230769
1138, 0.5769230769230769
1139, 0.5769230769230769
1140, 0.5769230769230769
1141, 0.5769230769230769
1142, 0.5769230769230769
1143, 0.5769230769230769
1144, 0.5769230769230769
1145, 0.5769230769230769
1146, 0.5769230769230769
1147, 0.5769230769230769
1148, 0.5769230769230769
1149, 0.5769230769230769
1150, 0.5769230769230769
1151, 0.5769230769230769
1152, 0.5769230769230769
1153, 0.5769230769230769
1154, 0.5769230769230769
1155, 0.5769230769230769
1156, 0.5769230769230769
1157, 0.5769230769230769
1158, 0.5769230769230769
1159, 0.5769230769230769
1160, 0.5769230769230769
1161, 0.5769230769230769
1162, 0.5769230769230769
1163, 0.5769230769230769
1164, 0.5769230769230769
1165, 0.5769230769230769
1166, 0.5769230769230769
1167, 0.5769230769230769
1168, 0.5769230769230769
1169, 0.5769230769230769
1170, 0.5769230769230769
1171, 0.5769230769230769
1172, 0.5769230769230769
1173, 0.5769230769230769
1174, 0.5769230769230769
1175, 0.5769230769230769
1176, 0.5769230769230769
1177, 0.5769230769230769
1178, 0.5769230769230769
1179, 0.5769230769230769
1180, 0.5769230769230769
1181, 0.5769230769230769
1182, 0.5769230769230769
1183, 0.5769230769230769
1184, 0.5769230769230769
1185, 0.5769230769230769
1186, 0.5769230769230769
1187, 0.5769230769230769
1188, 0.5769230769230769
1189, 0.5769230769230769
1190, 0.5769230769230769
1191, 0.5769230769230769
1192, 0.5769230769230769
1193, 0.5769230769230769
1194, 0.5769230769230769
1195, 0.5769230769230769
1196, 0.5769230769230769
1197, 0.5769230769230769
1198, 0.5769230769230769
1199, 0.5769230769230769
1200, 0.5769230769230769
1201, 0.5769230769230769
1202, 0.5769230769230769
1203, 0.5769230769230769
1204, 0.5769230769230769
1205, 0.5769230769230769
1206, 0.5769230769230769
1207, 0.5769230769230769
1208, 0.5769230769230769
1209, 0.5769230769230769
1210, 0.5769230769230769
1211, 0.5769230769230769
1212, 0.5769230769230769
1213, 0.5769230769230769
1214, 0.5769230769230769
1215, 0.5769230769230769
1216, 0.5769230769230769
1217, 0.5769230769230769
1218, 0.5769230769230769
1219, 0.5769230769230769
1220, 0.5769230769230769
1221, 0.5769230769230769
1222, 0.5769230769230769
1223, 0.5769230769230769
1224, 0.5769230769230769
1225, 0.5769230769230769
1226, 0.5769230769230769
1227, 0.5769230769230769
1228, 0.5769230769230769
1229, 0.5769230769230769
1230, 0.5769230769230769
1231, 0.5769230769230769
1232, 0.5769230769230769
1233, 0.5769230769230769
1234, 0.5769230769230769
1235, 0.5769230769230769
1236, 0.5769230769230769
1237, 0.5769230769230769
1238, 0.5769230769230769
1239, 0.5769230769230769
1240, 0.5769230769230769
1241, 0.5769230769230769
1242, 0.5769230769230769
1243, 0.5769230769230769
1244, 0.5769230769230769
1245, 0.5769230769230769
1246, 0.5769230769230769
1247, 0.5769230769230769
1248, 0.5769230769230769
1249, 0.5769230769230769
1250, 0.5769230769230769
1251, 0.5769230769230769
1252, 0.5769230769230769
1253, 0.5769230769230769
1254, 0.5769230769230769
1255, 0.5769230769230769
1256, 0.5769230769230769
1257, 0.5769230769230769
1258, 0.5769230769230769
1259, 0.5769230769230769
1260, 0.5769230769230769
1261, 0.5769230769230769
1262, 0.5769230769230769
1263, 0.5769230769230769
1264, 0.5769230769230769
1265, 0.5769230769230769
1266, 0.5769230769230769
1267, 0.5769230769230769
1268, 0.5769230769230769
1269, 0.5769230769230769
1270, 0.5769230769230769
1271, 0.5769230769230769
1272, 0.5769230769230769
1273, 0.5769230769230769
1274, 0.5769230769230769
1275, 0.5769230769230769
1276, 0.5769230769230769
1277, 0.5769230769230769
1278, 0.5769230769230769
1279, 0.5769230769230769
1280, 0.5769230769230769
1281, 0.5769230769230769
1282, 0.5769230769230769
1283, 0.5769230769230769
1284, 0.5769230769230769
1285, 0.5769230769230769
1286, 0.5769230769230769
1287, 0.5769230769230769
1288, 0.5769230769230769
1289, 0.5769230769230769
1290, 0.5769230769230769
1291, 0.5769230769230769
1292, 0.5769230769230769
1293, 0.5769230769230769
1294, 0.5769230769230769
1295, 0.5769230769230769
1296, 0.5769230769230769
1297, 0.5769230769230769
1298, 0.5769230769230769
1299, 0.5769230769230769
1300, 0.5769230769230769
1301, 0.5769230769230769
1302, 0.5769230769230769
1303, 0.5769230769230769
1304, 0.5769230769230769
1305, 0.5769230769230769
1306, 0.5769230769230769
1307, 0.5769230769230769
1308, 0.5769230769230769
1309, 0.5769230769230769
1310, 0.5769230769230769
1311, 0.5769230769230769
1312, 0.5769230769230769
1313, 0.5769230769230769
1314, 0.5769230769230769
1315, 0.5769230769230769
1316, 0.5769230769230769
1317, 0.5769230769230769
1318, 0.5769230769230769
1319, 0.5769230769230769
1320, 0.5769230769230769
1321, 0.5769230769230769
1322, 0.5769230769230769
1323, 0.5769230769230769
1324, 0.5769230769230769
1325, 0.5769230769230769
1326, 0.5769230769230769
1327, 0.5769230769230769
1328, 0.5769230769230769
1329, 0.5769230769230769
1330, 0.5769230769230769
1331, 0.5769230769230769
1332, 0.5769230769230769
1333, 0.5769230769230769
1334, 0.5769230769230769
1335, 0.5769230769230769
1336, 0.5769230769230769
1337, 0.5769230769230769
1338, 0.5769230769230769
1339, 0.5769230769230769
1340, 0.5769230769230769
1341, 0.5769230769230769
1342, 0.5769230769230769
1343, 0.5769230769230769
1344, 0.5769230769230769
1345, 0.5769230769230769
1346, 0.5769230769230769
1347, 0.5769230769230769
1348, 0.5769230769230769
1349, 0.5769230769230769
1350, 0.5769230769230769
1351, 0.5769230769230769
1352, 0.5769230769230769
1353, 0.5769230769230769
1354, 0.5769230769230769
1355, 0.5769230769230769
1356, 0.5769230769230769
1357, 0.5769230769230769
1358, 0.5769230769230769
1359, 0.5769230769230769
1360, 0.5769230769230769
1361, 0.5769230769230769
1362, 0.5769230769230769
1363, 0.5769230769230769
1364, 0.5769230769230769
1365, 0.5769230769230769
1366, 0.5769230769230769
1367, 0.5769230769230769
1368, 0.5769230769230769
1369, 0.5769230769230769
1370, 0.5769230769230769
1371, 0.5769230769230769
1372, 0.5769230769230769
1373, 0.5769230769230769
1374, 0.5769230769230769
1375, 0.5769230769230769
1376, 0.5769230769230769
1377, 0.5769230769230769
1378, 0.5769230769230769
1379, 0.5769230769230769
1380, 0.5769230769230769
1381, 0.5769230769230769
1382, 0.5769230769230769
1383, 0.5769230769230769
1384, 0.5769230769230769
1385, 0.5769230769230769
1386, 0.5769230769230769
1387, 0.5769230769230769
1388, 0.5769230769230769
1389, 0.5769230769230769
1390, 0.5769230769230769
1391, 0.5769230769230769
1392, 0.5769230769230769
1393, 0.5769230769230769
1394, 0.5769230769230769
1395, 0.5769230769230769
1396, 0.5769230769230769
1397, 0.5769230769230769
1398, 0.5769230769230769
1399, 0.5769230769230769
1400, 0.5769230769230769
1401, 0.5769230769230769
1402, 0.5769230769230769
1403, 0.5769230769230769
1404, 0.5769230769230769
1405, 0.5769230769230769
1406, 0.5769230769230769
1407, 0.5769230769230769
1408, 0.5769230769230769
1409, 0.5769230769230769
1410, 0.5769230769230769
1411, 0.5769230769230769
1412, 0.5769230769230769
1413, 0.5769230769230769
1414, 0.5769230769230769
1415, 0.5769230769230769
1416, 0.5769230769230769
1417, 0.5769230769230769
1418, 0.5769230769230769
1419, 0.5769230769230769
1420, 0.5769230769230769
1421, 0.5769230769230769
1422, 0.5769230769230769
1423, 0.5769230769230769
1424, 0.5769230769230769
1425, 0.5769230769230769
1426, 0.5769230769230769
1427, 0.5769230769230769
1428, 0.5769230769230769
1429, 0.5769230769230769
1430, 0.5769230769230769
1431, 0.5769230769230769
1432, 0.5769230769230769
1433, 0.5769230769230769
1434, 0.5769230769230769
1435, 0.5769230769230769
1436, 0.5769230769230769
1437, 0.5769230769230769
1438, 0.5769230769230769
1439, 0.5769230769230769
1440, 0.5769230769230769
1441, 0.5769230769230769
1442, 0.5769230769230769
1443, 0.5769230769230769
1444, 0.5769230769230769
1445, 0.5769230769230769
1446, 0.5769230769230769
1447, 0.5769230769230769
1448, 0.5769230769230769
1449, 0.5769230769230769
1450, 0.5769230769230769
1451, 0.5769230769230769
1452, 0.5769230769230769
1453, 0.5769230769230769
1454, 0.5769230769230769
1455, 0.5769230769230769
1456, 0.5769230769230769
1457, 0.5769230769230769
1458, 0.5769230769230769
1459, 0.5769230769230769
1460, 0.5769230769230769
1461, 0.5769230769230769
1462, 0.5769230769230769
1463, 0.5769230769230769
1464, 0.5769230769230769
1465, 0.5769230769230769
1466, 0.5769230769230769
1467, 0.5769230769230769
1468, 0.5769230769230769
1469, 0.5769230769230769
1470, 0.5769230769230769
1471, 0.5769230769230769
1472, 0.5769230769230769
1473, 0.5769230769230769
1474, 0.5769230769230769
1475, 0.5769230769230769
1476, 0.5769230769230769
1477, 0.5769230769230769
1478, 0.5769230769230769
1479, 0.5769230769230769
1480, 0.5769230769230769
1481, 0.5769230769230769
1482, 0.5769230769230769
1483, 0.5769230769230769
1484, 0.5769230769230769
1485, 0.5769230769230769
1486, 0.5769230769230769
1487, 0.5769230769230769
1488, 0.5769230769230769
1489, 0.5769230769230769
1490, 0.5769230769230769
1491, 0.5769230769230769
1492, 0.5769230769230769
1493, 0.5769230769230769
1494, 0.5769230769230769
1495, 0.5769230769230769
1496, 0.5769230769230769
1497, 0.5769230769230769
1498, 0.5769230769230769
1499, 0.5769230769230769
1500, 0.5769230769230769
1501, 0.5769230769230769
1502, 0.5769230769230769
1503, 0.5769230769230769
1504, 0.5769230769230769
1505, 0.5769230769230769
1506, 0.5769230769230769
1507, 0.5769230769230769
1508, 0.5769230769230769
1509, 0.5769230769230769
1510, 0.5769230769230769
1511, 0.5769230769230769
1512, 0.5769230769230769
1513, 0.5769230769230769
1514, 0.5769230769230769
1515, 0.5769230769230769
1516, 0.5769230769230769
1517, 0.5769230769230769
1518, 0.5769230769230769
1519, 0.5769230769230769
1520, 0.5769230769230769
1521, 0.5769230769230769
1522, 0.5769230769230769
1523, 0.5769230769230769
1524, 0.5769230769230769
1525, 0.5769230769230769
1526, 0.5769230769230769
1527, 0.5769230769230769
1528, 0.5769230769230769
1529, 0.5769230769230769
1530, 0.5769230769230769
1531, 0.5769230769230769
1532, 0.5769230769230769
1533, 0.5769230769230769
1534, 0.5769230769230769
1535, 0.5769230769230769
1536, 0.5769230769230769
1537, 0.5769230769230769
1538, 0.5769230769230769
1539, 0.5769230769230769
1540, 0.5769230769230769
1541, 0.5769230769230769
1542, 0.5769230769230769
1543, 0.5769230769230769
1544, 0.5769230769230769
1545, 0.5769230769230769
1546, 0.5769230769230769
1547, 0.5769230769230769
1548, 0.5769230769230769
1549, 0.5769230769230769
1550, 0.5769230769230769
1551, 0.5769230769230769
1552, 0.5769230769230769
1553, 0.5769230769230769
1554, 0.5769230769230769
1555, 0.5769230769230769
1556, 0.5769230769230769
1557, 0.5769230769230769
1558, 0.5769230769230769
1559, 0.5769230769230769
1560, 0.5769230769230769
1561, 0.5769230769230769
1562, 0.5769230769230769
1563, 0.5769230769230769
1564, 0.5769230769230769
1565, 0.5769230769230769
1566, 0.5769230769230769
1567, 0.5769230769230769
1568, 0.5769230769230769
1569, 0.5769230769230769
1570, 0.5769230769230769
1571, 0.5769230769230769
1572, 0.5769230769230769
1573, 0.5769230769230769
1574, 0.5769230769230769
1575, 0.5769230769230769
1576, 0.5769230769230769
1577, 0.5769230769230769
1578, 0.5769230769230769
1579, 0.5769230769230769
1580, 0.5769230769230769
1581, 0.5769230769230769
1582, 0.5769230769230769
1583, 0.5769230769230769
1584, 0.5769230769230769
1585, 0.5769230769230769
1586, 0.5769230769230769
1587, 0.5769230769230769
1588, 0.5769230769230769
1589, 0.5769230769230769
1590, 0.5769230769230769
1591, 0.5769230769230769
1592, 0.5769230769230769
1593, 0.5769230769230769
1594, 0.5769230769230769
1595, 0.5769230769230769
1596, 0.5769230769230769
1597, 0.5769230769230769
1598, 0.5769230769230769
1599, 0.5769230769230769
1600, 0.5769230769230769
1601, 0.5769230769230769
1602, 0.5769230769230769
1603, 0.5769230769230769
1604, 0.5769230769230769
1605, 0.5769230769230769
1606, 0.5769230769230769
1607, 0.5769230769230769
1608, 0.5769230769230769
1609, 0.5769230769230769
1610, 0.5769230769230769
1611, 0.5769230769230769
1612, 0.5769230769230769
1613, 0.5769230769230769
1614, 0.5769230769230769
1615, 0.5769230769230769
1616, 0.5769230769230769
1617, 0.5769230769230769
1618, 0.5769230769230769
1619, 0.5769230769230769
1620, 0.5769230769230769
1621, 0.5769230769230769
1622, 0.5769230769230769
1623, 0.5769230769230769
1624, 0.5769230769230769
1625, 0.5769230769230769
1626, 0.5769230769230769
1627, 0.5769230769230769
1628, 0.5769230769230769
1629, 0.5769230769230769
1630, 0.5769230769230769
1631, 0.5769230769230769
1632, 0.5769230769230769
1633, 0.5769230769230769
1634, 0.5769230769230769
1635, 0.5769230769230769
1636, 0.5769230769230769
1637, 0.5769230769230769
1638, 0.5769230769230769
1639, 0.5769230769230769
1640, 0.5769230769230769
1641, 0.5769230769230769
1642, 0.5769230769230769
1643, 0.5769230769230769
1644, 0.5769230769230769
1645, 0.5769230769230769
1646, 0.5769230769230769
1647, 0.5769230769230769
1648, 0.5769230769230769
1649, 0.5769230769230769
1650, 0.5769230769230769
1651, 0.5769230769230769
1652, 0.5769230769230769
1653, 0.5769230769230769
1654, 0.5769230769230769
1655, 0.5769230769230769
1656, 0.5769230769230769
1657, 0.5769230769230769
1658, 0.5769230769230769
1659, 0.5769230769230769
1660, 0.5769230769230769
1661, 0.5769230769230769
1662, 0.5769230769230769
1663, 0.5769230769230769
1664, 0.5769230769230769
1665, 0.5769230769230769
1666, 0.5769230769230769
1667, 0.5769230769230769
1668, 0.5769230769230769
1669, 0.5769230769230769
1670, 0.5769230769230769
1671, 0.5769230769230769
1672, 0.5769230769230769
1673, 0.5769230769230769
1674, 0.5769230769230769
1675, 0.5769230769230769
1676, 0.5769230769230769
1677, 0.5769230769230769
1678, 0.5769230769230769
1679, 0.5769230769230769
1680, 0.5769230769230769
1681, 0.5769230769230769
1682, 0.5769230769230769
1683, 0.5769230769230769
1684, 0.5769230769230769
1685, 0.5769230769230769
1686, 0.5769230769230769
1687, 0.5769230769230769
1688, 0.5769230769230769
1689, 0.5769230769230769
1690, 0.5769230769230769
1691, 0.5769230769230769
1692, 0.5769230769230769
1693, 0.5769230769230769
1694, 0.5769230769230769
1695, 0.5769230769230769
1696, 0.5769230769230769
1697, 0.5769230769230769
1698, 0.5769230769230769
1699, 0.5769230769230769
1700, 0.5769230769230769
1701, 0.5769230769230769
1702, 0.5769230769230769
1703, 0.5769230769230769
1704, 0.5769230769230769
1705, 0.5769230769230769
1706, 0.5769230769230769
1707, 0.5769230769230769
1708, 0.5769230769230769
1709, 0.5769230769230769
1710, 0.5769230769230769
1711, 0.5769230769230769
1712, 0.5769230769230769
1713, 0.5769230769230769
1714, 0.5769230769230769
1715, 0.5769230769230769
1716, 0.5769230769230769
1717, 0.5769230769230769
1718, 0.5769230769230769
1719, 0.5769230769230769
1720, 0.5769230769230769
1721, 0.5769230769230769
1722, 0.5769230769230769
1723, 0.5769230769230769
1724, 0.5769230769230769
1725, 0.5769230769230769
1726, 0.5769230769230769
1727, 0.5769230769230769
1728, 0.5769230769230769
1729, 0.5769230769230769
1730, 0.5769230769230769
1731, 0.5769230769230769
1732, 0.5769230769230769
1733, 0.5769230769230769
1734, 0.5769230769230769
1735, 0.5769230769230769
1736, 0.5769230769230769
1737, 0.5769230769230769
1738, 0.5769230769230769
1739, 0.5769230769230769
1740, 0.5769230769230769
1741, 0.5769230769230769
1742, 0.5769230769230769
1743, 0.5769230769230769
1744, 0.5769230769230769
1745, 0.5769230769230769
1746, 0.5769230769230769
1747, 0.5769230769230769
1748, 0.5769230769230769
1749, 0.5769230769230769
1750, 0.5769230769230769
1751, 0.5769230769230769
1752, 0.5769230769230769
1753, 0.5769230769230769
1754, 0.5769230769230769
1755, 0.5769230769230769
1756, 0.5769230769230769
1757, 0.5769230769230769
1758, 0.5769230769230769
1759, 0.5769230769230769
1760, 0.5769230769230769
1761, 0.5769230769230769
1762, 0.5769230769230769
1763, 0.5769230769230769
1764, 0.5769230769230769
1765, 0.5769230769230769
1766, 0.5769230769230769
1767, 0.5769230769230769
1768, 0.5769230769230769
1769, 0.5769230769230769
1770, 0.5769230769230769
1771, 0.5769230769230769
1772, 0.5769230769230769
1773, 0.5769230769230769
1774, 0.5769230769230769
1775, 0.5769230769230769
1776, 0.5769230769230769
1777, 0.5769230769230769
1778, 0.5769230769230769
1779, 0.5769230769230769
1780, 0.5769230769230769
1781, 0.5769230769230769
1782, 0.5769230769230769
1783, 0.5769230769230769
1784, 0.5769230769230769
1785, 0.5769230769230769
1786, 0.5769230769230769
1787, 0.5769230769230769
1788, 0.5769230769230769
1789, 0.5769230769230769
1790, 0.5769230769230769
1791, 0.5769230769230769
1792, 0.5769230769230769
1793, 0.5769230769230769
1794, 0.5769230769230769
1795, 0.5769230769230769
1796, 0.5769230769230769
1797, 0.5769230769230769
1798, 0.5769230769230769
1799, 0.5769230769230769
1800, 0.5769230769230769
1801, 0.5769230769230769
1802, 0.5769230769230769
1803, 0.5769230769230769
1804, 0.5769230769230769
1805, 0.5769230769230769
1806, 0.5769230769230769
1807, 0.5769230769230769
1808, 0.5769230769230769
1809, 0.5769230769230769
1810, 0.5769230769230769
1811, 0.5769230769230769
1812, 0.5769230769230769
1813, 0.5769230769230769
1814, 0.5769230769230769
1815, 0.5769230769230769
1816, 0.5769230769230769
1817, 0.5769230769230769
1818, 0.5769230769230769
1819, 0.5769230769230769
1820, 0.5769230769230769
1821, 0.5769230769230769
1822, 0.5769230769230769
1823, 0.5769230769230769
1824, 0.5769230769230769
1825, 0.5769230769230769
1826, 0.5769230769230769
1827, 0.5769230769230769
1828, 0.5769230769230769
1829, 0.5769230769230769
1830, 0.5769230769230769
1831, 0.5769230769230769
1832, 0.5769230769230769
1833, 0.5769230769230769
1834, 0.5769230769230769
1835, 0.5769230769230769
1836, 0.5769230769230769
1837, 0.5769230769230769
1838, 0.5769230769230769
1839, 0.5769230769230769
1840, 0.5769230769230769
1841, 0.5769230769230769
1842, 0.5769230769230769
1843, 0.5769230769230769
1844, 0.5769230769230769
1845, 0.5769230769230769
1846, 0.5769230769230769
1847, 0.5769230769230769
1848, 0.5769230769230769
1849, 0.5769230769230769
1850, 0.5769230769230769
1851, 0.5769230769230769
1852, 0.5769230769230769
1853, 0.5769230769230769
1854, 0.5769230769230769
1855, 0.5769230769230769
1856, 0.5769230769230769
1857, 0.5769230769230769
1858, 0.5769230769230769
1859, 0.5769230769230769
1860, 0.5769230769230769
1861, 0.5769230769230769
1862, 0.5769230769230769
1863, 0.5769230769230769
1864, 0.5769230769230769
1865, 0.5769230769230769
1866, 0.5769230769230769
1867, 0.5769230769230769
1868, 0.5769230769230769
1869, 0.5769230769230769
1870, 0.5769230769230769
1871, 0.5769230769230769
1872, 0.5769230769230769
1873, 0.5769230769230769
1874, 0.5769230769230769
1875, 0.5769230769230769
1876, 0.5769230769230769
1877, 0.5769230769230769
1878, 0.5769230769230769
1879, 0.5769230769230769
1880, 0.5769230769230769
1881, 0.5769230769230769
1882, 0.5769230769230769
1883, 0.5769230769230769
1884, 0.5769230769230769
1885, 0.5769230769230769
1886, 0.5769230769230769
1887, 0.5769230769230769
1888, 0.5769230769230769
1889, 0.5769230769230769
1890, 0.5769230769230769
1891, 0.5769230769230769
1892, 0.5769230769230769
1893, 0.5769230769230769
1894, 0.5769230769230769
1895, 0.5769230769230769
1896, 0.5769230769230769
1897, 0.5769230769230769
1898, 0.5769230769230769
1899, 0.5769230769230769
1900, 0.5769230769230769
1901, 0.5769230769230769
1902, 0.5769230769230769
1903, 0.5769230769230769
1904, 0.5769230769230769
1905, 0.5769230769230769
1906, 0.5769230769230769
1907, 0.5769230769230769
1908, 0.5769230769230769
1909, 0.5769230769230769
1910, 0.5769230769230769
1911, 0.5769230769230769
1912, 0.5769230769230769
1913, 0.5769230769230769
1914, 0.5769230769230769
1915, 0.5769230769230769
1916, 0.5769230769230769
1917, 0.5769230769230769
1918, 0.5769230769230769
1919, 0.5769230769230769
1920, 0.5769230769230769
1921, 0.5769230769230769
1922, 0.5769230769230769
1923, 0.5769230769230769
1924, 0.5769230769230769
1925, 0.5769230769230769
1926, 0.5769230769230769
1927, 0.5769230769230769
1928, 0.5769230769230769
1929, 0.5769230769230769
1930, 0.5769230769230769
1931, 0.5769230769230769
1932, 0.5769230769230769
1933, 0.5769230769230769
1934, 0.5769230769230769
1935, 0.5769230769230769
1936, 0.5769230769230769
1937, 0.5769230769230769
1938, 0.5769230769230769
1939, 0.5769230769230769
1940, 0.5769230769230769
1941, 0.5769230769230769
1942, 0.5769230769230769
1943, 0.5769230769230769
1944, 0.5769230769230769
1945, 0.5769230769230769
1946, 0.5769230769230769
1947, 0.5769230769230769
1948, 0.5769230769230769
1949, 0.5769230769230769
1950, 0.5769230769230769
1951, 0.5769230769230769
1952, 0.5769230769230769
1953, 0.5769230769230769
1954, 0.5769230769230769
1955, 0.5769230769230769
1956, 0.5769230769230769
1957, 0.5769230769230769
1958, 0.5769230769230769
1959, 0.5769230769230769
1960, 0.6153846153846154
1961, 0.6153846153846154
1962, 0.6153846153846154
1963, 0.6153846153846154
1964, 0.6153846153846154
1965, 0.6153846153846154
1966, 0.6153846153846154
1967, 0.6153846153846154
1968, 0.6153846153846154
1969, 0.6153846153846154
1970, 0.6153846153846154
1971, 0.6153846153846154
1972, 0.6153846153846154
1973, 0.6153846153846154
1974, 0.6153846153846154
1975, 0.6153846153846154
1976, 0.6153846153846154
1977, 0.6153846153846154
1978, 0.6153846153846154
1979, 0.6153846153846154
1980, 0.6153846153846154
1981, 0.6153846153846154
1982, 0.6153846153846154
1983, 0.6153846153846154
1984, 0.6153846153846154
1985, 0.6153846153846154
1986, 0.6153846153846154
1987, 0.6153846153846154
1988, 0.6153846153846154
1989, 0.6153846153846154
1990, 0.6153846153846154
1991, 0.6153846153846154
1992, 0.6153846153846154
1993, 0.6153846153846154
1994, 0.6153846153846154
1995, 0.6153846153846154
1996, 0.6153846153846154
1997, 0.6153846153846154
1998, 0.6153846153846154
1999, 0.6153846153846154
2000, 0.6153846153846154
2001, 0.6153846153846154
2002, 0.6153846153846154
2003, 0.6153846153846154
2004, 0.6153846153846154
2005, 0.6153846153846154
2006, 0.6153846153846154
2007, 0.6153846153846154
2008, 0.6153846153846154
2009, 0.6153846153846154
2010, 0.6153846153846154
2011, 0.6153846153846154
2012, 0.6153846153846154
2013, 0.6153846153846154
2014, 0.6153846153846154
2015, 0.6153846153846154
2016, 0.6153846153846154
2017, 0.6153846153846154
2018, 0.6153846153846154
2019, 0.6153846153846154
2020, 0.6153846153846154
2021, 0.6153846153846154
2022, 0.6153846153846154
2023, 0.6153846153846154
2024, 0.6153846153846154
2025, 0.6153846153846154
2026, 0.6153846153846154
2027, 0.6153846153846154
2028, 0.6153846153846154
2029, 0.6153846153846154
2030, 0.6153846153846154
2031, 0.6153846153846154
2032, 0.6153846153846154
2033, 0.6153846153846154
2034, 0.6153846153846154
2035, 0.6153846153846154
2036, 0.6153846153846154
2037, 0.6153846153846154
2038, 0.6153846153846154
2039, 0.6153846153846154
2040, 0.6153846153846154
2041, 0.6153846153846154
2042, 0.6153846153846154
2043, 0.6153846153846154
2044, 0.6153846153846154
2045, 0.6153846153846154
2046, 0.6153846153846154
2047, 0.6153846153846154
2048, 0.6153846153846154
2049, 0.6153846153846154
2050, 0.6153846153846154
2051, 0.6153846153846154
2052, 0.6153846153846154
2053, 0.6153846153846154
2054, 0.6153846153846154
2055, 0.6153846153846154
2056, 0.6153846153846154
2057, 0.6153846153846154
2058, 0.6153846153846154
2059, 0.6153846153846154
2060, 0.6153846153846154
2061, 0.6153846153846154
2062, 0.6153846153846154
2063, 0.6153846153846154
2064, 0.6153846153846154
2065, 0.6153846153846154
2066, 0.6153846153846154
2067, 0.6153846153846154
2068, 0.6153846153846154
2069, 0.6153846153846154
2070, 0.6153846153846154
2071, 0.6153846153846154
2072, 0.6153846153846154
2073, 0.6153846153846154
2074, 0.6153846153846154
2075, 0.6153846153846154
2076, 0.6153846153846154
2077, 0.6153846153846154
2078, 0.6153846153846154
2079, 0.6153846153846154
2080, 0.6153846153846154
2081, 0.6153846153846154
2082, 0.6153846153846154
2083, 0.6153846153846154
2084, 0.6153846153846154
2085, 0.6153846153846154
2086, 0.6153846153846154
2087, 0.6153846153846154
2088, 0.6153846153846154
2089, 0.6153846153846154
2090, 0.6153846153846154
2091, 0.6153846153846154
2092, 0.6153846153846154
2093, 0.6153846153846154
2094, 0.6153846153846154
2095, 0.6153846153846154
2096, 0.6153846153846154
2097, 0.6153846153846154
2098, 0.6153846153846154
2099, 0.6153846153846154
2100, 0.6153846153846154
2101, 0.6153846153846154
2102, 0.6153846153846154
2103, 0.6153846153846154
2104, 0.6153846153846154
2105, 0.6153846153846154
2106, 0.6153846153846154
2107, 0.6153846153846154
2108, 0.6153846153846154
2109, 0.6153846153846154
2110, 0.6153846153846154
2111, 0.6153846153846154
2112, 0.6153846153846154
2113, 0.6153846153846154
2114, 0.6153846153846154
2115, 0.6153846153846154
2116, 0.6153846153846154
2117, 0.6153846153846154
2118, 0.6153846153846154
2119, 0.6153846153846154
2120, 0.6153846153846154
2121, 0.6153846153846154
2122, 0.6153846153846154
2123, 0.6153846153846154
2124, 0.6153846153846154
2125, 0.6153846153846154
2126, 0.6153846153846154
2127, 0.6153846153846154
2128, 0.6153846153846154
2129, 0.6153846153846154
2130, 0.6153846153846154
2131, 0.6153846153846154
2132, 0.6153846153846154
2133, 0.6153846153846154
2134, 0.6153846153846154
2135, 0.6153846153846154
2136, 0.6153846153846154
2137, 0.6153846153846154
2138, 0.6153846153846154
2139, 0.6153846153846154
2140, 0.6153846153846154
2141, 0.6153846153846154
2142, 0.6153846153846154
2143, 0.6153846153846154
2144, 0.6153846153846154
2145, 0.6153846153846154
2146, 0.6153846153846154
2147, 0.6153846153846154
2148, 0.6153846153846154
2149, 0.6153846153846154
2150, 0.6153846153846154
2151, 0.6153846153846154
2152, 0.6153846153846154
2153, 0.6153846153846154
2154, 0.6153846153846154
2155, 0.6153846153846154
2156, 0.6153846153846154
2157, 0.6153846153846154
2158, 0.6153846153846154
2159, 0.6153846153846154
2160, 0.6153846153846154
2161, 0.6153846153846154
2162, 0.6153846153846154
2163, 0.6153846153846154
2164, 0.6153846153846154
2165, 0.6153846153846154
2166, 0.6153846153846154
2167, 0.6153846153846154
2168, 0.6153846153846154
2169, 0.6153846153846154
2170, 0.6153846153846154
2171, 0.6153846153846154
2172, 0.6153846153846154
2173, 0.6153846153846154
2174, 0.6153846153846154
2175, 0.6153846153846154
2176, 0.6153846153846154
2177, 0.6153846153846154
2178, 0.6153846153846154
2179, 0.6153846153846154
2180, 0.6153846153846154
2181, 0.6153846153846154
2182, 0.6153846153846154
2183, 0.6153846153846154
2184, 0.6153846153846154
2185, 0.6153846153846154
2186, 0.6153846153846154
2187, 0.6153846153846154
2188, 0.6153846153846154
2189, 0.6153846153846154
2190, 0.6153846153846154
2191, 0.6153846153846154
2192, 0.6153846153846154
2193, 0.6153846153846154
2194, 0.6153846153846154
2195, 0.6153846153846154
2196, 0.6153846153846154
2197, 0.6153846153846154
2198, 0.6153846153846154
2199, 0.6153846153846154
2200, 0.6153846153846154
2201, 0.6153846153846154
2202, 0.6153846153846154
2203, 0.6153846153846154
2204, 0.6153846153846154
2205, 0.6153846153846154
2206, 0.6153846153846154
2207, 0.6153846153846154
2208, 0.6153846153846154
2209, 0.6153846153846154
2210, 0.6153846153846154
2211, 0.6153846153846154
2212, 0.6153846153846154
2213, 0.6153846153846154
2214, 0.6153846153846154
2215, 0.6153846153846154
2216, 0.6153846153846154
2217, 0.6153846153846154
2218, 0.6153846153846154
2219, 0.6153846153846154
2220, 0.6153846153846154
2221, 0.6153846153846154
2222, 0.6153846153846154
2223, 0.6153846153846154
2224, 0.6153846153846154
2225, 0.6153846153846154
2226, 0.6153846153846154
2227, 0.6153846153846154
2228, 0.6153846153846154
2229, 0.6153846153846154
2230, 0.6153846153846154
2231, 0.6153846153846154
2232, 0.6153846153846154
2233, 0.6153846153846154
2234, 0.6153846153846154
2235, 0.6153846153846154
2236, 0.6153846153846154
2237, 0.6153846153846154
2238, 0.6153846153846154
2239, 0.6153846153846154
2240, 0.6153846153846154
2241, 0.6153846153846154
2242, 0.6153846153846154
2243, 0.6153846153846154
2244, 0.6153846153846154
2245, 0.6153846153846154
2246, 0.6153846153846154
2247, 0.6153846153846154
2248, 0.6153846153846154
2249, 0.6153846153846154
2250, 0.6153846153846154
2251, 0.6153846153846154
2252, 0.6153846153846154
2253, 0.6153846153846154
2254, 0.6153846153846154
2255, 0.6153846153846154
2256, 0.6153846153846154
2257, 0.6153846153846154
2258, 0.6153846153846154
2259, 0.6153846153846154
2260, 0.6153846153846154
2261, 0.6153846153846154
2262, 0.6153846153846154
2263, 0.6153846153846154
2264, 0.6153846153846154
2265, 0.6153846153846154
2266, 0.6153846153846154
2267, 0.6153846153846154
2268, 0.6153846153846154
2269, 0.6153846153846154
2270, 0.6153846153846154
2271, 0.6153846153846154
2272, 0.6153846153846154
2273, 0.6153846153846154
2274, 0.6153846153846154
2275, 0.6153846153846154
2276, 0.6153846153846154
2277, 0.6153846153846154
2278, 0.6153846153846154
2279, 0.6153846153846154
2280, 0.6153846153846154
2281, 0.6153846153846154
2282, 0.6153846153846154
2283, 0.6153846153846154
2284, 0.6153846153846154
2285, 0.6153846153846154
2286, 0.6153846153846154
2287, 0.6153846153846154
2288, 0.6153846153846154
2289, 0.6153846153846154
2290, 0.6153846153846154
2291, 0.6153846153846154
2292, 0.6153846153846154
2293, 0.6153846153846154
2294, 0.6153846153846154
2295, 0.6153846153846154
2296, 0.6153846153846154
2297, 0.6153846153846154
2298, 0.6153846153846154
2299, 0.6153846153846154
2300, 0.6153846153846154
2301, 0.6153846153846154
2302, 0.6153846153846154
2303, 0.6153846153846154
2304, 0.6153846153846154
2305, 0.6153846153846154
2306, 0.6153846153846154
2307, 0.6153846153846154
2308, 0.6153846153846154
2309, 0.6153846153846154
2310, 0.6153846153846154
2311, 0.6153846153846154
2312, 0.6153846153846154
2313, 0.6153846153846154
2314, 0.6153846153846154
2315, 0.6153846153846154
2316, 0.6153846153846154
2317, 0.6153846153846154
2318, 0.6153846153846154
2319, 0.6153846153846154
2320, 0.6153846153846154
2321, 0.6153846153846154
2322, 0.6153846153846154
2323, 0.6153846153846154
2324, 0.6153846153846154
2325, 0.6153846153846154
2326, 0.6153846153846154
2327, 0.6153846153846154
2328, 0.6153846153846154
2329, 0.6153846153846154
2330, 0.6153846153846154
2331, 0.6153846153846154
2332, 0.6153846153846154
2333, 0.6153846153846154
2334, 0.6153846153846154
2335, 0.6153846153846154
2336, 0.6153846153846154
2337, 0.6153846153846154
2338, 0.6153846153846154
2339, 0.6153846153846154
2340, 0.6153846153846154
2341, 0.6153846153846154
2342, 0.6153846153846154
2343, 0.6153846153846154
2344, 0.6153846153846154
2345, 0.6153846153846154
2346, 0.6153846153846154
2347, 0.6153846153846154
2348, 0.6153846153846154
2349, 0.6153846153846154
2350, 0.6153846153846154
2351, 0.6153846153846154
2352, 0.6153846153846154
2353, 0.6153846153846154
2354, 0.6153846153846154
2355, 0.6153846153846154
2356, 0.6153846153846154
2357, 0.6153846153846154
2358, 0.6153846153846154
2359, 0.6153846153846154
2360, 0.6153846153846154
2361, 0.6153846153846154
2362, 0.6153846153846154
2363, 0.6153846153846154
2364, 0.6153846153846154
2365, 0.6153846153846154
2366, 0.6153846153846154
2367, 0.6153846153846154
2368, 0.6153846153846154
2369, 0.6153846153846154
2370, 0.6153846153846154
2371, 0.6153846153846154
2372, 0.6153846153846154
2373, 0.6153846153846154
2374, 0.6153846153846154
2375, 0.6153846153846154
2376, 0.6153846153846154
2377, 0.6153846153846154
2378, 0.6153846153846154
2379, 0.6153846153846154
2380, 0.6153846153846154
2381, 0.6153846153846154
2382, 0.6153846153846154
2383, 0.6153846153846154
2384, 0.6153846153846154
2385, 0.6153846153846154
2386, 0.6153846153846154
2387, 0.6153846153846154
2388, 0.6153846153846154
2389, 0.6153846153846154
2390, 0.6153846153846154
2391, 0.6153846153846154
2392, 0.6153846153846154
2393, 0.6153846153846154
2394, 0.6153846153846154
2395, 0.6153846153846154
2396, 0.6153846153846154
2397, 0.6153846153846154
2398, 0.6153846153846154
2399, 0.6153846153846154
2400, 0.6153846153846154
2401, 0.6153846153846154
2402, 0.6153846153846154
2403, 0.6153846153846154
2404, 0.6153846153846154
2405, 0.6153846153846154
2406, 0.6153846153846154
2407, 0.6153846153846154
2408, 0.6153846153846154
2409, 0.6153846153846154
2410, 0.6153846153846154
2411, 0.6153846153846154
2412, 0.6153846153846154
2413, 0.6153846153846154
2414, 0.6153846153846154
2415, 0.6153846153846154
2416, 0.6153846153846154
2417, 0.6153846153846154
2418, 0.6153846153846154
2419, 0.6153846153846154
2420, 0.6153846153846154
2421, 0.6153846153846154
2422, 0.6153846153846154
2423, 0.6153846153846154
2424, 0.6153846153846154
2425, 0.6153846153846154
2426, 0.6153846153846154
2427, 0.6153846153846154
2428, 0.6153846153846154
2429, 0.6153846153846154
2430, 0.6153846153846154
2431, 0.6153846153846154
2432, 0.6153846153846154
2433, 0.6153846153846154
2434, 0.6153846153846154
2435, 0.6153846153846154
2436, 0.6153846153846154
2437, 0.6153846153846154
2438, 0.6153846153846154
2439, 0.6153846153846154
2440, 0.6153846153846154
2441, 0.6153846153846154
2442, 0.6153846153846154
2443, 0.6153846153846154
2444, 0.6153846153846154
2445, 0.6153846153846154
2446, 0.6153846153846154
2447, 0.6153846153846154
2448, 0.6153846153846154
2449, 0.6153846153846154
2450, 0.6153846153846154
2451, 0.6153846153846154
2452, 0.6153846153846154
2453, 0.6153846153846154
2454, 0.6153846153846154
2455, 0.6153846153846154
2456, 0.6153846153846154
2457, 0.6153846153846154
2458, 0.6153846153846154
2459, 0.6153846153846154
2460, 0.8076923076923077
2461, 0.8076923076923077
2462, 0.8076923076923077
2463, 0.8076923076923077
2464, 0.8076923076923077
2465, 0.8076923076923077
2466, 0.8076923076923077
2467, 0.8076923076923077
2468, 0.8076923076923077
2469, 0.8076923076923077
2470, 0.8076923076923077
2471, 0.8076923076923077
2472, 0.8076923076923077
2473, 0.8076923076923077
2474, 0.8076923076923077
2475, 0.8076923076923077
2476, 0.8076923076923077
2477, 0.8076923076923077
2478, 0.8076923076923077
2479, 0.8076923076923077
2480, 0.8076923076923077
2481, 0.8076923076923077
2482, 0.8076923076923077
2483, 0.8076923076923077
2484, 0.8076923076923077
2485, 0.8076923076923077
2486, 0.8076923076923077
2487, 0.8076923076923077
2488, 0.8076923076923077
2489, 0.8076923076923077
2490, 0.8076923076923077
2491, 0.8076923076923077
2492, 0.8076923076923077
2493, 0.8076923076923077
2494, 0.8076923076923077
2495, 0.8076923076923077
2496, 0.8076923076923077
2497, 0.8076923076923077
2498, 0.8076923076923077
2499, 0.8076923076923077
2500, 0.8076923076923077
2501, 0.8076923076923077
2502, 0.8076923076923077
2503, 0.8076923076923077
2504, 0.8076923076923077
2505, 0.8076923076923077
2506, 0.8076923076923077
2507, 0.8076923076923077
2508, 0.8076923076923077
2509, 0.8076923076923077
2510, 0.8076923076923077
2511, 0.8076923076923077
2512, 0.8076923076923077
2513, 0.8076923076923077
2514, 0.8076923076923077
2515, 0.8076923076923077
2516, 0.8076923076923077
2517, 0.8076923076923077
2518, 0.8076923076923077
2519, 0.8076923076923077
2520, 0.8076923076923077
2521, 0.8076923076923077
2522, 0.8076923076923077
2523, 0.8076923076923077
2524, 0.8076923076923077
2525, 0.8076923076923077
2526, 0.8076923076923077
2527, 0.8076923076923077
2528, 0.8076923076923077
2529, 0.8076923076923077
2530, 0.8076923076923077
2531, 0.8076923076923077
2532, 0.8076923076923077
2533, 0.8076923076923077
2534, 0.8076923076923077
2535, 0.8076923076923077
2536, 0.8076923076923077
2537, 0.8076923076923077
2538, 0.8076923076923077
2539, 0.8076923076923077
2540, 0.8076923076923077
2541, 0.8076923076923077
2542, 0.8076923076923077
2543, 0.8076923076923077
2544, 0.8076923076923077
2545, 0.8076923076923077
2546, 0.8076923076923077
2547, 0.8076923076923077
2548, 0.8076923076923077
2549, 0.8076923076923077
2550, 0.8076923076923077
2551, 0.8076923076923077
2552, 0.8076923076923077
2553, 0.8076923076923077
2554, 0.8076923076923077
2555, 0.8076923076923077
2556, 0.8076923076923077
2557, 0.8076923076923077
2558, 0.8076923076923077
2559, 0.8076923076923077
2560, 0.8076923076923077
2561, 0.8076923076923077
2562, 0.8076923076923077
2563, 0.8076923076923077
2564, 0.8076923076923077
2565, 0.8076923076923077
2566, 0.8076923076923077
2567, 0.8076923076923077
2568, 0.8076923076923077
2569, 0.8076923076923077
2570, 0.8076923076923077
2571, 0.8076923076923077
2572, 0.8076923076923077
2573, 0.8076923076923077
2574, 0.8076923076923077
2575, 0.8076923076923077
2576, 0.8076923076923077
2577, 0.8076923076923077
2578, 0.8076923076923077
2579, 0.8076923076923077
2580, 0.8076923076923077
2581, 0.8076923076923077
2582, 0.8076923076923077
2583, 0.8076923076923077
2584, 0.8076923076923077
2585, 0.8076923076923077
2586, 0.8076923076923077
2587, 0.8076923076923077
2588, 0.8076923076923077
2589, 0.8076923076923077
2590, 0.8076923076923077
2591, 0.8076923076923077
2592, 0.8076923076923077
2593, 0.8076923076923077
2594, 0.8076923076923077
2595, 0.8076923076923077
2596, 0.8076923076923077
2597, 0.8076923076923077
2598, 0.8076923076923077
2599, 0.8076923076923077
2600, 0.8076923076923077
2601, 0.8076923076923077
2602, 0.8076923076923077
2603, 0.8076923076923077
2604, 0.8076923076923077
2605, 0.8076923076923077
2606, 0.8076923076923077
2607, 0.8076923076923077
2608, 0.8076923076923077
2609, 0.8076923076923077
2610, 0.8076923076923077
2611, 0.8076923076923077
2612, 0.8076923076923077
2613, 0.8076923076923077
2614, 0.8076923076923077
2615, 0.8076923076923077
2616, 0.8076923076923077
2617, 0.8076923076923077
2618, 0.8076923076923077
2619, 0.8076923076923077
2620, 0.8076923076923077
2621, 0.8076923076923077
2622, 0.8076923076923077
2623, 0.8076923076923077
2624, 0.8076923076923077
2625, 0.8076923076923077
2626, 0.8076923076923077
2627, 0.8076923076923077
2628, 0.8076923076923077
2629, 0.8076923076923077
2630, 0.8076923076923077
2631, 0.8076923076923077
2632, 0.8076923076923077
2633, 0.8076923076923077
2634, 0.8076923076923077
2635, 0.8076923076923077
2636, 0.8076923076923077
2637, 0.8076923076923077
2638, 0.8076923076923077
2639, 0.8076923076923077
2640, 0.8076923076923077
2641, 0.8076923076923077
2642, 0.8076923076923077
2643, 0.8076923076923077
2644, 0.8076923076923077
2645, 0.8076923076923077
2646, 0.8076923076923077
2647, 0.8076923076923077
2648, 0.8076923076923077
2649, 0.8076923076923077
2650, 0.8076923076923077
2651, 0.8076923076923077
2652, 0.8076923076923077
2653, 0.8076923076923077
2654, 0.8076923076923077
2655, 0.8076923076923077
2656, 0.8076923076923077
2657, 0.8076923076923077
2658, 0.8076923076923077
2659, 0.8076923076923077
2660, 0.8076923076923077
2661, 0.8076923076923077
2662, 0.8076923076923077
2663, 0.8076923076923077
2664, 0.8076923076923077
2665, 0.8076923076923077
2666, 0.8076923076923077
2667, 0.8076923076923077
2668, 0.8076923076923077
2669, 0.8076923076923077
2670, 0.8076923076923077
2671, 0.8076923076923077
2672, 0.8076923076923077
2673, 0.8076923076923077
2674, 0.8076923076923077
2675, 0.8076923076923077
2676, 0.8076923076923077
2677, 0.8076923076923077
2678, 0.8076923076923077
2679, 0.8076923076923077
2680, 0.8076923076923077
2681, 0.8076923076923077
2682, 0.8076923076923077
2683, 0.8076923076923077
2684, 0.8076923076923077
2685, 0.8076923076923077
2686, 0.8076923076923077
2687, 0.8076923076923077
2688, 0.8076923076923077
2689, 0.8076923076923077
2690, 0.8076923076923077
2691, 0.8076923076923077
2692, 0.8076923076923077
2693, 0.8076923076923077
2694, 0.8076923076923077
2695, 0.8076923076923077
2696, 0.8076923076923077
2697, 0.8076923076923077
2698, 0.8076923076923077
2699, 0.8076923076923077
2700, 0.8076923076923077
2701, 0.8076923076923077
2702, 0.8076923076923077
2703, 0.8076923076923077
2704, 0.8076923076923077
2705, 0.8076923076923077
2706, 0.8076923076923077
2707, 0.8076923076923077
2708, 0.8076923076923077
2709, 0.8076923076923077
2710, 0.8076923076923077
2711, 0.8076923076923077
2712, 0.8076923076923077
2713, 0.8076923076923077
2714, 0.8076923076923077
2715, 0.8076923076923077
2716, 0.8076923076923077
2717, 0.8076923076923077
2718, 0.8076923076923077
2719, 0.8076923076923077
2720, 0.8076923076923077
2721, 0.8076923076923077
2722, 0.8076923076923077
2723, 0.8076923076923077
2724, 0.8076923076923077
2725, 0.8076923076923077
2726, 0.8076923076923077
2727, 0.8076923076923077
2728, 0.8076923076923077
2729, 0.8076923076923077
2730, 0.8076923076923077
2731, 0.8076923076923077
2732, 0.8076923076923077
2733, 0.8076923076923077
2734, 0.8076923076923077
2735, 0.8076923076923077
2736, 0.8076923076923077
2737, 0.8076923076923077
2738, 0.8076923076923077
2739, 0.8076923076923077
2740, 0.8076923076923077
2741, 0.8076923076923077
2742, 0.8076923076923077
2743, 0.8076923076923077
2744, 0.8076923076923077
2745, 0.8076923076923077
2746, 0.8076923076923077
2747, 0.8076923076923077
2748, 0.8076923076923077
2749, 0.8076923076923077
2750, 0.8076923076923077
2751, 0.8076923076923077
2752, 0.8076923076923077
2753, 0.8076923076923077
2754, 0.8076923076923077
2755, 0.8076923076923077
2756, 0.8076923076923077
2757, 0.8076923076923077
2758, 0.8076923076923077
2759, 0.8076923076923077
2760, 0.8076923076923077
2761, 0.8076923076923077
2762, 0.8076923076923077
2763, 0.8076923076923077
2764, 0.8076923076923077
2765, 0.8076923076923077
2766, 0.8076923076923077
2767, 0.8076923076923077
2768, 0.8076923076923077
2769, 0.8076923076923077
2770, 0.8076923076923077
2771, 0.8076923076923077
2772, 0.8076923076923077
2773, 0.8076923076923077
2774, 0.8076923076923077
2775, 0.8076923076923077
2776, 0.8076923076923077
2777, 0.8076923076923077
2778, 0.8076923076923077
2779, 0.8076923076923077
2780, 0.8076923076923077
2781, 0.8076923076923077
2782, 0.8076923076923077
2783, 0.8076923076923077
2784, 0.8076923076923077
2785, 0.8076923076923077
2786, 0.8076923076923077
2787, 0.8076923076923077
2788, 0.8076923076923077
2789, 0.8076923076923077
2790, 0.8076923076923077
2791, 0.8076923076923077
2792, 0.8076923076923077
2793, 0.8076923076923077
2794, 0.8076923076923077
2795, 0.8076923076923077
2796, 0.8076923076923077
2797, 0.8076923076923077
2798, 0.8076923076923077
2799, 0.8076923076923077
2800, 0.8076923076923077
2801, 0.8076923076923077
2802, 0.8076923076923077
2803, 0.8076923076923077
2804, 0.8076923076923077
2805, 0.8076923076923077
2806, 0.8076923076923077
2807, 0.8076923076923077
2808, 0.8076923076923077
2809, 0.8076923076923077
2810, 0.8076923076923077
2811, 0.8076923076923077
2812, 0.8076923076923077
2813, 0.8076923076923077
2814, 0.8076923076923077
2815, 0.8076923076923077
2816, 0.8076923076923077
2817, 0.8076923076923077
2818, 0.8076923076923077
2819, 0.8076923076923077
2820, 0.8076923076923077
2821, 0.8076923076923077
2822, 0.8076923076923077
2823, 0.8076923076923077
2824, 0.8076923076923077
2825, 0.8076923076923077
2826, 0.8076923076923077
2827, 0.8076923076923077
2828, 0.8076923076923077
2829, 0.8076923076923077
2830, 0.8076923076923077
2831, 0.8076923076923077
2832, 0.8076923076923077
2833, 0.8076923076923077
2834, 0.8076923076923077
2835, 0.8076923076923077
2836, 0.8076923076923077
2837, 0.8076923076923077
2838, 0.8076923076923077
2839, 0.8076923076923077
2840, 0.8076923076923077
2841, 0.8076923076923077
2842, 0.8076923076923077
2843, 0.8076923076923077
2844, 0.8076923076923077
2845, 0.8076923076923077
2846, 0.8076923076923077
2847, 0.8076923076923077
2848, 0.8076923076923077
2849, 0.8076923076923077
2850, 0.8076923076923077
2851, 0.8076923076923077
2852, 0.8076923076923077
2853, 0.8076923076923077
2854, 0.8076923076923077
2855, 0.8076923076923077
2856, 0.8076923076923077
2857, 0.8076923076923077
2858, 0.8076923076923077
2859, 0.8076923076923077
2860, 0.8076923076923077
2861, 0.8076923076923077
2862, 0.8076923076923077
2863, 0.8076923076923077
2864, 0.8076923076923077
2865, 0.8076923076923077
2866, 0.8076923076923077
2867, 0.8076923076923077
2868, 0.8076923076923077
2869, 0.8076923076923077
2870, 0.8076923076923077
2871, 0.8076923076923077
2872, 0.8076923076923077
2873, 0.8076923076923077
2874, 0.8076923076923077
2875, 0.8076923076923077
2876, 0.8076923076923077
2877, 0.8076923076923077
2878, 0.8076923076923077
2879, 0.8076923076923077
2880, 0.8076923076923077
2881, 0.8076923076923077
2882, 0.8076923076923077
2883, 0.8076923076923077
2884, 0.8076923076923077
2885, 0.8076923076923077
2886, 0.8076923076923077
2887, 0.8076923076923077
2888, 0.8076923076923077
2889, 0.8076923076923077
2890, 0.8076923076923077
2891, 0.8076923076923077
2892, 0.8076923076923077
2893, 0.8076923076923077
2894, 0.8076923076923077
2895, 0.8076923076923077
2896, 0.8076923076923077
2897, 0.8076923076923077
2898, 0.8076923076923077
2899, 0.8076923076923077
2900, 0.8076923076923077
2901, 0.8076923076923077
2902, 0.8076923076923077
2903, 0.8076923076923077
2904, 0.8076923076923077
2905, 0.8076923076923077
2906, 0.8076923076923077
2907, 0.8076923076923077
2908, 0.8076923076923077
2909, 0.8076923076923077
2910, 0.8076923076923077
2911, 0.8076923076923077
2912, 0.8076923076923077
2913, 0.8076923076923077
2914, 0.8076923076923077
2915, 0.8076923076923077
2916, 0.8076923076923077
2917, 0.8076923076923077
2918, 0.8076923076923077
2919, 0.8076923076923077
2920, 0.8076923076923077
2921, 0.8076923076923077
2922, 0.8076923076923077
2923, 0.8076923076923077
2924, 0.8076923076923077
2925, 0.8076923076923077
2926, 0.8076923076923077
2927, 0.8076923076923077
2928, 0.8076923076923077
2929, 0.8076923076923077
2930, 0.8076923076923077
2931, 0.8076923076923077
2932, 0.8076923076923077
2933, 0.8076923076923077
2934, 0.8076923076923077
2935, 0.8076923076923077
2936, 0.8076923076923077
2937, 0.8076923076923077
2938, 0.8076923076923077
2939, 0.8076923076923077
2940, 0.8076923076923077
2941, 0.8076923076923077
2942, 0.8076923076923077
2943, 0.8076923076923077
2944, 0.8076923076923077
2945, 0.8076923076923077
2946, 0.8076923076923077
2947, 0.8076923076923077
2948, 0.8076923076923077
2949, 0.8076923076923077
2950, 0.8076923076923077
2951, 0.8076923076923077
2952, 0.8076923076923077
2953, 0.8076923076923077
2954, 0.8076923076923077
2955, 0.8076923076923077
2956, 0.8076923076923077
2957, 0.8076923076923077
2958, 0.8076923076923077
2959, 0.8076923076923077
2960, 0.8076923076923077
2961, 0.8076923076923077
2962, 0.8076923076923077
2963, 0.8076923076923077
2964, 0.8076923076923077
2965, 0.8076923076923077
2966, 0.8076923076923077
2967, 0.8076923076923077
2968, 0.8076923076923077
2969, 0.8076923076923077
2970, 0.8076923076923077
2971, 0.8076923076923077
2972, 0.8076923076923077
2973, 0.8076923076923077
2974, 0.8076923076923077
2975, 0.8076923076923077
2976, 0.8076923076923077
2977, 0.8076923076923077
2978, 0.8076923076923077
2979, 0.8076923076923077
2980, 0.8076923076923077
2981, 0.8076923076923077
2982, 0.8076923076923077
2983, 0.8076923076923077
2984, 0.8076923076923077
2985, 0.8076923076923077
2986, 0.8076923076923077
2987, 0.8076923076923077
2988, 0.8076923076923077
2989, 0.8076923076923077
2990, 0.8076923076923077
2991, 0.8076923076923077
2992, 0.8076923076923077
2993, 0.8076923076923077
2994, 0.8076923076923077
2995, 0.8076923076923077
2996, 0.8076923076923077
2997, 0.8076923076923077
2998, 0.8076923076923077
2999, 0.8076923076923077
3000, 0.8076923076923077
3001, 0.8076923076923077
3002, 0.8076923076923077
3003, 0.8076923076923077
3004, 0.8076923076923077
3005, 0.8076923076923077
3006, 0.8076923076923077
3007, 0.8076923076923077
3008, 0.8076923076923077
3009, 0.8076923076923077
3010, 0.8076923076923077
3011, 0.8076923076923077
3012, 0.8076923076923077
3013, 0.8076923076923077
3014, 0.8076923076923077
3015, 0.8076923076923077
3016, 0.8076923076923077
3017, 0.8076923076923077
3018, 0.8076923076923077
3019, 0.8076923076923077
3020, 0.8076923076923077
3021, 0.8076923076923077
3022, 0.8076923076923077
3023, 0.8076923076923077
3024, 0.8076923076923077
3025, 0.8076923076923077
3026, 0.8076923076923077
3027, 0.8076923076923077
3028, 0.8076923076923077
3029, 0.8076923076923077
3030, 0.8076923076923077
3031, 0.8076923076923077
3032, 0.8076923076923077
3033, 0.8076923076923077
3034, 0.8076923076923077
3035, 0.8076923076923077
3036, 0.8076923076923077
3037, 0.8076923076923077
3038, 0.8076923076923077
3039, 0.8076923076923077
3040, 0.8076923076923077
3041, 0.8076923076923077
3042, 0.8076923076923077
3043, 0.8076923076923077
3044, 0.8076923076923077
3045, 0.8076923076923077
3046, 0.8076923076923077
3047, 0.8076923076923077
3048, 0.8076923076923077
3049, 0.8076923076923077
3050, 0.8076923076923077
3051, 0.8076923076923077
3052, 0.8076923076923077
3053, 0.8076923076923077
3054, 0.8076923076923077
3055, 0.8076923076923077
3056, 0.8076923076923077
3057, 0.8076923076923077
3058, 0.8076923076923077
3059, 0.8076923076923077
3060, 0.8076923076923077
3061, 0.8076923076923077
3062, 0.8076923076923077
3063, 0.8076923076923077
3064, 0.8076923076923077
3065, 0.8076923076923077
3066, 0.8076923076923077
3067, 0.8076923076923077
3068, 0.8076923076923077
3069, 0.8076923076923077
3070, 0.8076923076923077
3071, 0.8076923076923077
3072, 0.8076923076923077
3073, 0.8076923076923077
3074, 0.8076923076923077
3075, 0.8076923076923077
3076, 0.8076923076923077
3077, 0.8076923076923077
3078, 0.8076923076923077
3079, 0.8076923076923077
3080, 0.8076923076923077
3081, 0.8076923076923077
3082, 0.8076923076923077
3083, 0.8076923076923077
3084, 0.8076923076923077
3085, 0.8076923076923077
3086, 0.8076923076923077
3087, 0.8076923076923077
3088, 0.8076923076923077
3089, 0.8076923076923077
3090, 0.8076923076923077
3091, 0.8076923076923077
3092, 0.8076923076923077
3093, 0.8076923076923077
3094, 0.8076923076923077
3095, 0.8076923076923077
3096, 0.8076923076923077
3097, 0.8076923076923077
3098, 0.8076923076923077
3099, 0.8076923076923077
3100, 0.8076923076923077
3101, 0.8076923076923077
3102, 0.8076923076923077
3103, 0.8076923076923077
3104, 0.8076923076923077
3105, 0.8076923076923077
3106, 0.8076923076923077
3107, 0.8076923076923077
3108, 0.8076923076923077
3109, 0.8076923076923077
3110, 0.8076923076923077
3111, 0.8076923076923077
3112, 0.8076923076923077
3113, 0.8076923076923077
3114, 0.8076923076923077
3115, 0.8076923076923077
3116, 0.8076923076923077
3117, 0.8076923076923077
3118, 0.8076923076923077
3119, 0.8076923076923077
3120, 0.8076923076923077
3121, 0.8076923076923077
3122, 0.8076923076923077
3123, 0.8076923076923077
3124, 0.8076923076923077
3125, 0.8076923076923077
3126, 0.8076923076923077
3127, 0.8076923076923077
3128, 0.8076923076923077
3129, 0.8076923076923077
3130, 0.8076923076923077
3131, 0.8076923076923077
3132, 0.8076923076923077
3133, 0.8076923076923077
3134, 0.8076923076923077
3135, 0.8076923076923077
3136, 0.8076923076923077
3137, 0.8076923076923077
3138, 0.8076923076923077
3139, 0.8076923076923077
3140, 0.8076923076923077
3141, 0.8076923076923077
3142, 0.8076923076923077
3143, 0.8076923076923077
3144, 0.8076923076923077
3145, 0.8076923076923077
3146, 0.8076923076923077
3147, 0.8076923076923077
3148, 0.8076923076923077
3149, 0.8076923076923077
3150, 0.8076923076923077
3151, 0.8076923076923077
3152, 0.8076923076923077
3153, 0.8076923076923077
3154, 0.8076923076923077
3155, 0.8076923076923077
3156, 0.8076923076923077
3157, 0.8076923076923077
3158, 0.8076923076923077
3159, 0.8076923076923077
3160, 0.8076923076923077
3161, 0.8076923076923077
3162, 0.8076923076923077
3163, 0.8076923076923077
3164, 0.8076923076923077
3165, 0.8076923076923077
3166, 0.8076923076923077
3167, 0.8076923076923077
3168, 0.8076923076923077
3169, 0.8076923076923077
3170, 0.8076923076923077
3171, 0.8076923076923077
3172, 0.8076923076923077
3173, 0.8076923076923077
3174, 0.8076923076923077
3175, 0.8076923076923077
3176, 0.8076923076923077
3177, 0.8076923076923077
3178, 0.8076923076923077
3179, 0.8076923076923077
3180, 0.8076923076923077
3181, 0.8076923076923077
3182, 0.8076923076923077
3183, 0.8076923076923077
3184, 0.8076923076923077
3185, 0.8076923076923077
3186, 0.8076923076923077
3187, 0.8076923076923077
3188, 0.8076923076923077
3189, 0.8076923076923077
3190, 0.8076923076923077
3191, 0.8076923076923077
3192, 0.8076923076923077
3193, 0.8076923076923077
3194, 0.8076923076923077
3195, 0.8076923076923077
3196, 0.8076923076923077
3197, 0.8076923076923077
3198, 0.8076923076923077
3199, 0.8076923076923077
3200, 0.8076923076923077
3201, 0.8076923076923077
3202, 0.8076923076923077
3203, 0.8076923076923077
3204, 0.8076923076923077
3205, 0.8076923076923077
3206, 0.8076923076923077
3207, 0.8076923076923077
3208, 0.8076923076923077
3209, 0.8076923076923077
3210, 0.8076923076923077
3211, 0.8076923076923077
3212, 0.8076923076923077
3213, 0.8076923076923077
3214, 0.8076923076923077
3215, 0.8076923076923077
3216, 0.8076923076923077
3217, 0.8076923076923077
3218, 0.8076923076923077
3219, 0.8076923076923077
3220, 0.8076923076923077
3221, 0.8076923076923077
3222, 0.8076923076923077
3223, 0.8076923076923077
3224, 0.8076923076923077
3225, 0.8076923076923077
3226, 0.8076923076923077
3227, 0.8076923076923077
3228, 0.8076923076923077
3229, 0.8076923076923077
3230, 0.8076923076923077
3231, 0.8076923076923077
3232, 0.8076923076923077
3233, 0.8076923076923077
3234, 0.8076923076923077
3235, 0.8076923076923077
3236, 0.8076923076923077
3237, 0.8076923076923077
3238, 0.8076923076923077
3239, 0.8076923076923077
3240, 0.8076923076923077
3241, 0.8076923076923077
3242, 0.8076923076923077
3243, 0.8076923076923077
3244, 0.8076923076923077
3245, 0.8076923076923077
3246, 0.8076923076923077
3247, 0.8076923076923077
3248, 0.8076923076923077
3249, 0.8076923076923077
3250, 0.8076923076923077
3251, 0.8076923076923077
3252, 0.8076923076923077
3253, 0.8076923076923077
3254, 0.8076923076923077
3255, 0.8076923076923077
3256, 0.8076923076923077
3257, 0.8076923076923077
3258, 0.8076923076923077
3259, 0.8076923076923077
3260, 0.8076923076923077
3261, 0.8076923076923077
3262, 0.8076923076923077
3263, 0.8076923076923077
3264, 0.8076923076923077
3265, 0.8076923076923077
3266, 0.8076923076923077
3267, 0.8076923076923077
3268, 0.8076923076923077
3269, 0.8076923076923077
3270, 0.8076923076923077
3271, 0.8076923076923077
3272, 0.8076923076923077
3273, 0.8076923076923077
3274, 0.8076923076923077
3275, 0.8076923076923077
3276, 0.8076923076923077
3277, 0.8076923076923077
3278, 0.8076923076923077
3279, 0.8076923076923077
3280, 0.8076923076923077
3281, 0.8076923076923077
3282, 0.8076923076923077
3283, 0.8076923076923077
3284, 0.8076923076923077
3285, 0.8076923076923077
3286, 0.8076923076923077
3287, 0.8076923076923077
3288, 0.8076923076923077
3289, 0.8076923076923077
3290, 0.8076923076923077
3291, 0.8076923076923077
3292, 0.8076923076923077
3293, 0.8076923076923077
3294, 0.8076923076923077
3295, 0.8076923076923077
3296, 0.8076923076923077
3297, 0.8076923076923077
3298, 0.8076923076923077
3299, 0.8076923076923077
3300, 0.8076923076923077
3301, 0.8076923076923077
3302, 0.8076923076923077
3303, 0.8076923076923077
3304, 0.8076923076923077
3305, 0.8076923076923077
3306, 0.8076923076923077
3307, 0.8076923076923077
3308, 0.8076923076923077
3309, 0.8076923076923077
3310, 0.8076923076923077
3311, 0.8076923076923077
3312, 0.8076923076923077
3313, 0.8076923076923077
3314, 0.8076923076923077
3315, 0.8076923076923077
3316, 0.8076923076923077
3317, 0.8076923076923077
3318, 0.8076923076923077
3319, 0.8076923076923077
3320, 0.8076923076923077
3321, 0.8076923076923077
3322, 0.8076923076923077
3323, 0.8076923076923077
3324, 0.8076923076923077
3325, 0.8076923076923077
3326, 0.8076923076923077
3327, 0.8076923076923077
3328, 0.8076923076923077
3329, 0.8076923076923077
3330, 0.8076923076923077
3331, 0.8076923076923077
3332, 0.8076923076923077
3333, 0.8076923076923077
3334, 0.8076923076923077
3335, 0.8076923076923077
3336, 0.8076923076923077
3337, 0.8076923076923077
3338, 0.8076923076923077
3339, 0.8076923076923077
3340, 0.8076923076923077
3341, 0.8076923076923077
3342, 0.8076923076923077
3343, 0.8076923076923077
3344, 0.8076923076923077
3345, 0.8076923076923077
3346, 0.8076923076923077
3347, 0.8076923076923077
3348, 0.8076923076923077
3349, 0.8076923076923077
3350, 0.8076923076923077
3351, 0.8076923076923077
3352, 0.8076923076923077
3353, 0.8076923076923077
3354, 0.8076923076923077
3355, 0.8076923076923077
3356, 0.8076923076923077
3357, 0.8076923076923077
3358, 0.8076923076923077
3359, 0.8076923076923077
3360, 0.8076923076923077
3361, 0.8076923076923077
3362, 0.8076923076923077
3363, 0.8076923076923077
3364, 0.8076923076923077
3365, 0.8076923076923077
3366, 0.8076923076923077
3367, 0.8076923076923077
3368, 0.8076923076923077
3369, 0.8076923076923077
3370, 0.8076923076923077
3371, 0.8076923076923077
3372, 0.8076923076923077
3373, 0.8076923076923077
3374, 0.8076923076923077
3375, 0.8076923076923077
3376, 0.8076923076923077
3377, 0.8076923076923077
3378, 0.8076923076923077
3379, 0.8076923076923077
3380, 0.8076923076923077
3381, 0.8076923076923077
3382, 0.8076923076923077
3383, 0.8076923076923077
3384, 0.8076923076923077
3385, 0.8076923076923077
3386, 0.8076923076923077
3387, 0.8076923076923077
3388, 0.8076923076923077
3389, 0.8076923076923077
3390, 0.8076923076923077
3391, 0.8076923076923077
3392, 0.8076923076923077
3393, 0.8076923076923077
3394, 0.8076923076923077
3395, 0.8076923076923077
3396, 0.8076923076923077
3397, 0.8076923076923077
3398, 0.8076923076923077
3399, 0.8076923076923077
3400, 0.8076923076923077
3401, 0.8076923076923077
3402, 0.8076923076923077
3403, 0.8076923076923077
3404, 0.8076923076923077
3405, 0.8076923076923077
3406, 0.8076923076923077
3407, 0.8076923076923077
3408, 0.8076923076923077
3409, 0.8076923076923077
3410, 0.8076923076923077
3411, 0.8076923076923077
3412, 0.8076923076923077
3413, 0.8076923076923077
3414, 0.8076923076923077
3415, 0.8076923076923077
3416, 0.8076923076923077
3417, 0.8076923076923077
3418, 0.8076923076923077
3419, 0.8076923076923077
3420, 0.8076923076923077
3421, 0.8076923076923077
3422, 0.8076923076923077
3423, 0.8076923076923077
3424, 0.8076923076923077
3425, 0.8076923076923077
3426, 0.8076923076923077
3427, 0.8076923076923077
3428, 0.8076923076923077
3429, 0.8076923076923077
3430, 0.8076923076923077
3431, 0.8076923076923077
3432, 0.8076923076923077
3433, 0.8076923076923077
3434, 0.8076923076923077
3435, 0.8076923076923077
3436, 0.8076923076923077
3437, 0.8076923076923077
3438, 0.8076923076923077
3439, 0.8076923076923077
3440, 0.8076923076923077
3441, 0.8076923076923077
3442, 0.8076923076923077
3443, 0.8076923076923077
3444, 0.8076923076923077
3445, 0.8076923076923077
3446, 0.8076923076923077
3447, 0.8076923076923077
3448, 0.8076923076923077
3449, 0.8076923076923077
3450, 0.8076923076923077
3451, 0.8076923076923077
3452, 0.8076923076923077
3453, 0.8076923076923077
3454, 0.8076923076923077
3455, 0.8076923076923077
3456, 0.8076923076923077
3457, 0.8076923076923077
3458, 0.8076923076923077
3459, 0.8076923076923077
3460, 0.8076923076923077
3461, 0.8076923076923077
3462, 0.8076923076923077
3463, 0.8076923076923077
3464, 0.8076923076923077
3465, 0.8076923076923077
3466, 0.8076923076923077
3467, 0.8076923076923077
3468, 0.8076923076923077
3469, 0.8076923076923077
3470, 0.8076923076923077
3471, 0.8076923076923077
3472, 0.8076923076923077
3473, 0.8076923076923077
3474, 0.8076923076923077
3475, 0.8076923076923077
3476, 0.8076923076923077
3477, 0.8076923076923077
3478, 0.8076923076923077
3479, 0.8076923076923077
3480, 0.8076923076923077
3481, 0.8076923076923077
3482, 0.8076923076923077
3483, 0.8076923076923077
3484, 0.8076923076923077
3485, 0.8076923076923077
3486, 0.8076923076923077
3487, 0.8076923076923077
3488, 0.8076923076923077
3489, 0.8076923076923077
3490, 0.8076923076923077
3491, 0.8076923076923077
3492, 0.8076923076923077
3493, 0.8076923076923077
3494, 0.8076923076923077
3495, 0.8076923076923077
3496, 0.8076923076923077
3497, 0.8076923076923077
3498, 0.8076923076923077
3499, 0.8076923076923077
3500, 0.8076923076923077
3501, 0.8076923076923077
3502, 0.8076923076923077
3503, 0.8076923076923077
3504, 0.8076923076923077
3505, 0.8076923076923077
3506, 0.8076923076923077
3507, 0.8076923076923077
3508, 0.8076923076923077
3509, 0.8076923076923077
3510, 0.8076923076923077
3511, 0.8076923076923077
3512, 0.8076923076923077
3513, 0.8076923076923077
3514, 0.8076923076923077
3515, 0.8076923076923077
3516, 0.8076923076923077
3517, 0.8076923076923077
3518, 0.8076923076923077
3519, 0.8076923076923077
3520, 0.8076923076923077
3521, 0.8076923076923077
3522, 0.8076923076923077
3523, 0.8076923076923077
3524, 0.8076923076923077
3525, 0.8076923076923077
3526, 0.8076923076923077
3527, 0.8076923076923077
3528, 0.8076923076923077
3529, 0.8076923076923077
3530, 0.8076923076923077
3531, 0.8076923076923077
3532, 0.8076923076923077
3533, 0.8076923076923077
3534, 0.8076923076923077
3535, 0.8076923076923077
3536, 0.8076923076923077
3537, 0.8076923076923077
3538, 0.8076923076923077
3539, 0.8076923076923077
3540, 0.8076923076923077
3541, 0.8076923076923077
3542, 0.8076923076923077
3543, 0.8076923076923077
3544, 0.8076923076923077
3545, 0.8076923076923077
3546, 0.8076923076923077
3547, 0.8076923076923077
3548, 0.8076923076923077
3549, 0.8076923076923077
3550, 0.8076923076923077
3551, 0.8076923076923077
3552, 0.8076923076923077
3553, 0.8076923076923077
3554, 0.8076923076923077
3555, 0.8076923076923077
3556, 0.8076923076923077
3557, 0.8076923076923077
3558, 0.8076923076923077
3559, 0.8076923076923077
3560, 0.8076923076923077
3561, 0.8076923076923077
3562, 0.8076923076923077
3563, 0.8076923076923077
3564, 0.8076923076923077
3565, 0.8076923076923077
3566, 0.8076923076923077
3567, 0.8076923076923077
3568, 0.8076923076923077
3569, 0.8076923076923077
3570, 0.8076923076923077
3571, 0.8076923076923077
3572, 0.8076923076923077
3573, 0.8076923076923077
3574, 0.8076923076923077
3575, 0.8076923076923077
3576, 0.8076923076923077
3577, 0.8076923076923077
3578, 0.8076923076923077
3579, 0.8076923076923077
3580, 0.8076923076923077
3581, 0.8076923076923077
3582, 0.8076923076923077
3583, 0.8076923076923077
3584, 0.8076923076923077
3585, 0.8076923076923077
3586, 0.8076923076923077
3587, 0.8076923076923077
3588, 0.8076923076923077
3589, 0.8076923076923077
3590, 0.8076923076923077
3591, 0.8076923076923077
3592, 0.8076923076923077
3593, 0.8076923076923077
3594, 0.8076923076923077
3595, 0.8076923076923077
3596, 0.8076923076923077
3597, 0.8076923076923077
3598, 0.8076923076923077
3599, 0.8076923076923077
3600, 0.8076923076923077
3601, 0.8076923076923077
3602, 0.8076923076923077
3603, 0.8076923076923077
3604, 0.8076923076923077
3605, 0.8076923076923077
3606, 0.8076923076923077
3607, 0.8076923076923077
3608, 0.8076923076923077
3609, 0.8076923076923077
3610, 0.8076923076923077
3611, 0.8076923076923077
3612, 0.8076923076923077
3613, 0.8076923076923077
3614, 0.8076923076923077
3615, 0.8076923076923077
3616, 0.8076923076923077
3617, 0.8076923076923077
3618, 0.8076923076923077
3619, 0.8076923076923077
3620, 0.8076923076923077
3621, 0.8076923076923077
3622, 0.8076923076923077
3623, 0.8076923076923077
3624, 0.8076923076923077
3625, 0.8076923076923077
3626, 0.8076923076923077
3627, 0.8076923076923077
3628, 0.8076923076923077
3629, 0.8076923076923077
3630, 0.8076923076923077
3631, 0.8076923076923077
3632, 0.8076923076923077
3633, 0.8076923076923077
3634, 0.8076923076923077
3635, 0.8076923076923077
3636, 0.8076923076923077
3637, 0.8076923076923077
3638, 0.8076923076923077
3639, 0.8076923076923077
3640, 0.8076923076923077
3641, 0.8076923076923077
3642, 0.8076923076923077
3643, 0.8076923076923077
3644, 0.8076923076923077
3645, 0.8076923076923077
3646, 0.8076923076923077
3647, 0.8076923076923077
3648, 0.8076923076923077
3649, 0.8076923076923077
3650, 0.8076923076923077
3651, 0.8076923076923077
3652, 0.8076923076923077
3653, 0.8076923076923077
3654, 0.8076923076923077
3655, 0.8076923076923077
3656, 0.8076923076923077
3657, 0.8076923076923077
3658, 0.8076923076923077
3659, 0.8076923076923077
3660, 0.8076923076923077
3661, 0.8076923076923077
3662, 0.8076923076923077
3663, 0.8076923076923077
3664, 0.8076923076923077
3665, 0.8076923076923077
3666, 0.8076923076923077
3667, 0.8076923076923077
3668, 0.8076923076923077
3669, 0.8076923076923077
3670, 0.8076923076923077
3671, 0.8076923076923077
3672, 0.8076923076923077
3673, 0.8076923076923077
3674, 0.8076923076923077
3675, 0.8076923076923077
3676, 0.8076923076923077
3677, 0.8076923076923077
3678, 0.8076923076923077
3679, 0.8076923076923077
3680, 0.8076923076923077
3681, 0.8076923076923077
3682, 0.8076923076923077
3683, 0.8076923076923077
3684, 0.8076923076923077
3685, 0.8076923076923077
3686, 0.8076923076923077
3687, 0.8076923076923077
3688, 0.8076923076923077
3689, 0.8076923076923077
3690, 0.8076923076923077
3691, 0.8076923076923077
3692, 0.8076923076923077
3693, 0.8076923076923077
3694, 0.8076923076923077
3695, 0.8076923076923077
3696, 0.8076923076923077
3697, 0.8076923076923077
3698, 0.8076923076923077
3699, 0.8076923076923077
3700, 0.8076923076923077
3701, 0.8076923076923077
3702, 0.8076923076923077
3703, 0.8076923076923077
3704, 0.8076923076923077
3705, 0.8076923076923077
3706, 0.8076923076923077
3707, 0.8076923076923077
3708, 0.8076923076923077
3709, 0.8076923076923077
3710, 0.8076923076923077
3711, 0.8076923076923077
3712, 0.8076923076923077
3713, 0.8076923076923077
3714, 0.8076923076923077
3715, 0.8076923076923077
3716, 0.8076923076923077
3717, 0.8076923076923077
3718, 0.8076923076923077
3719, 0.8076923076923077
3720, 0.8076923076923077
3721, 0.8076923076923077
3722, 0.8076923076923077
3723, 0.8076923076923077
3724, 0.8076923076923077
3725, 0.8076923076923077
3726, 0.8076923076923077
3727, 0.8076923076923077
3728, 0.8076923076923077
3729, 0.8076923076923077
3730, 0.8076923076923077
3731, 0.8076923076923077
3732, 0.8076923076923077
3733, 0.8076923076923077
3734, 0.8076923076923077
3735, 0.8076923076923077
3736, 0.8076923076923077
3737, 0.8076923076923077
3738, 0.8076923076923077
3739, 0.8076923076923077
3740, 0.8076923076923077
3741, 0.8076923076923077
3742, 0.8076923076923077
3743, 0.8076923076923077
3744, 0.8076923076923077
3745, 0.8076923076923077
3746, 0.8076923076923077
3747, 0.8076923076923077
3748, 0.8076923076923077
3749, 0.8076923076923077
3750, 0.8076923076923077
3751, 0.8076923076923077
3752, 0.8076923076923077
3753, 0.8076923076923077
3754, 0.8076923076923077
3755, 0.8076923076923077
3756, 0.8076923076923077
3757, 0.8076923076923077
3758, 0.8076923076923077
3759, 0.8076923076923077
3760, 0.8076923076923077
3761, 0.8076923076923077
3762, 0.8076923076923077
3763, 0.8076923076923077
3764, 0.8076923076923077
3765, 0.8076923076923077
3766, 0.8076923076923077
3767, 0.8076923076923077
3768, 0.8076923076923077
3769, 0.8076923076923077
3770, 0.8076923076923077
3771, 0.8076923076923077
3772, 0.8076923076923077
3773, 0.8076923076923077
3774, 0.8076923076923077
3775, 0.8076923076923077
3776, 0.8076923076923077
3777, 0.8076923076923077
3778, 0.8076923076923077
3779, 0.8076923076923077
3780, 0.8076923076923077
3781, 0.8076923076923077
3782, 0.8076923076923077
3783, 0.8076923076923077
3784, 0.8076923076923077
3785, 0.8076923076923077
3786, 0.8076923076923077
3787, 0.8076923076923077
3788, 0.8076923076923077
3789, 0.8076923076923077
3790, 0.8076923076923077
3791, 0.8076923076923077
3792, 0.8076923076923077
3793, 0.8076923076923077
3794, 0.8076923076923077
3795, 0.8076923076923077
3796, 0.8076923076923077
3797, 0.8076923076923077
3798, 0.8076923076923077
3799, 0.8076923076923077
3800, 0.8076923076923077
3801, 0.8076923076923077
3802, 0.8076923076923077
3803, 0.8076923076923077
3804, 0.8076923076923077
3805, 0.8076923076923077
3806, 0.8076923076923077
3807, 0.8076923076923077
3808, 0.8076923076923077
3809, 0.8076923076923077
3810, 0.8076923076923077
3811, 0.8076923076923077
3812, 0.8076923076923077
3813, 0.8076923076923077
3814, 0.8076923076923077
3815, 0.8076923076923077
3816, 0.8076923076923077
3817, 0.8076923076923077
3818, 0.8076923076923077
3819, 0.8076923076923077
3820, 0.8076923076923077
3821, 0.8076923076923077
3822, 0.8076923076923077
3823, 0.8076923076923077
3824, 0.8076923076923077
3825, 0.8076923076923077
3826, 0.8076923076923077
3827, 0.8076923076923077
3828, 0.8076923076923077
3829, 0.8076923076923077
3830, 0.8076923076923077
3831, 0.8076923076923077
3832, 0.8076923076923077
3833, 0.8076923076923077
3834, 0.8076923076923077
3835, 0.8076923076923077
3836, 0.8076923076923077
3837, 0.8076923076923077
3838, 0.8076923076923077
3839, 0.8076923076923077
3840, 0.8076923076923077
3841, 0.8076923076923077
3842, 0.8076923076923077
3843, 0.8076923076923077
3844, 0.8076923076923077
3845, 0.8076923076923077
3846, 0.8076923076923077
3847, 0.8076923076923077
3848, 0.8076923076923077
3849, 0.8076923076923077
3850, 0.8076923076923077
3851, 0.8076923076923077
3852, 0.8076923076923077
3853, 0.8076923076923077
3854, 0.8076923076923077
3855, 0.8076923076923077
3856, 0.8076923076923077
3857, 0.8076923076923077
3858, 0.8076923076923077
3859, 0.8076923076923077
3860, 0.8076923076923077
3861, 0.8076923076923077
3862, 0.8076923076923077
3863, 0.8076923076923077
3864, 0.8076923076923077
3865, 0.8076923076923077
3866, 0.8076923076923077
3867, 0.8076923076923077
3868, 0.8076923076923077
3869, 0.8076923076923077
3870, 0.8076923076923077
3871, 0.8076923076923077
3872, 0.8076923076923077
3873, 0.8076923076923077
3874, 0.8076923076923077
3875, 0.8076923076923077
3876, 0.8076923076923077
3877, 0.8076923076923077
3878, 0.8076923076923077
3879, 0.8076923076923077
3880, 0.8076923076923077
3881, 0.8076923076923077
3882, 0.8076923076923077
3883, 0.8076923076923077
3884, 0.8076923076923077
3885, 0.8076923076923077
3886, 0.8076923076923077
3887, 0.8076923076923077
3888, 0.8076923076923077
3889, 0.8076923076923077
3890, 0.8076923076923077
3891, 0.8076923076923077
3892, 0.8076923076923077
3893, 0.8076923076923077
3894, 0.8076923076923077
3895, 0.8076923076923077
3896, 0.8076923076923077
3897, 0.8076923076923077
3898, 0.8076923076923077
3899, 0.8076923076923077
3900, 0.8076923076923077
3901, 0.8076923076923077
3902, 0.8076923076923077
3903, 0.8076923076923077
3904, 0.8076923076923077
3905, 0.8076923076923077
3906, 0.8076923076923077
3907, 0.8076923076923077
3908, 0.8076923076923077
3909, 0.8076923076923077
3910, 0.8076923076923077
3911, 0.8076923076923077
3912, 0.8076923076923077
3913, 0.8076923076923077
3914, 0.8076923076923077
3915, 0.8076923076923077
3916, 0.8076923076923077
3917, 0.8076923076923077
3918, 0.8076923076923077
3919, 0.8076923076923077
3920, 0.8076923076923077
3921, 0.8076923076923077
3922, 0.8076923076923077
3923, 0.8076923076923077
3924, 0.8076923076923077
3925, 0.8076923076923077
3926, 0.8076923076923077
3927, 0.8076923076923077
3928, 0.8076923076923077
3929, 0.8076923076923077
3930, 0.8076923076923077
3931, 0.8076923076923077
3932, 0.8076923076923077
3933, 0.8076923076923077
3934, 0.8076923076923077
3935, 0.8076923076923077
3936, 0.8076923076923077
3937, 0.8076923076923077
3938, 0.8076923076923077
3939, 0.8076923076923077
3940, 0.8076923076923077
3941, 0.8076923076923077
3942, 0.8076923076923077
3943, 0.8076923076923077
3944, 0.8076923076923077
3945, 0.8076923076923077
3946, 0.8076923076923077
3947, 0.8076923076923077
3948, 0.8076923076923077
3949, 0.8076923076923077
3950, 0.8076923076923077
3951, 0.8076923076923077
3952, 0.8076923076923077
3953, 0.8076923076923077
3954, 0.8076923076923077
3955, 0.8076923076923077
3956, 0.8076923076923077
3957, 0.8076923076923077
3958, 0.8076923076923077
3959, 0.8076923076923077
3960, 0.8076923076923077
3961, 0.8076923076923077
3962, 0.8076923076923077
3963, 0.8076923076923077
3964, 0.8076923076923077
3965, 0.8076923076923077
3966, 0.8076923076923077
3967, 0.8076923076923077
3968, 0.8076923076923077
3969, 0.8076923076923077
3970, 0.8076923076923077
3971, 0.8076923076923077
3972, 0.8076923076923077
3973, 0.8076923076923077
3974, 0.8076923076923077
3975, 0.8076923076923077
3976, 0.8076923076923077
3977, 0.8076923076923077
3978, 0.8076923076923077
3979, 0.8076923076923077
3980, 0.8076923076923077
3981, 0.8076923076923077
3982, 0.8076923076923077
3983, 0.8076923076923077
3984, 0.8076923076923077
3985, 0.8076923076923077
3986, 0.8076923076923077
3987, 0.8076923076923077
3988, 0.8076923076923077
3989, 0.8076923076923077
3990, 0.8076923076923077
3991, 0.8076923076923077
3992, 0.8076923076923077
3993, 0.8076923076923077
3994, 0.8076923076923077
3995, 0.8076923076923077
3996, 0.8076923076923077
3997, 0.8076923076923077
3998, 0.8076923076923077
3999, 0.8076923076923077
4000, 0.8076923076923077
4001, 0.8076923076923077
4002, 0.8076923076923077
4003, 0.8076923076923077
4004, 0.8076923076923077
4005, 0.8076923076923077
4006, 0.8076923076923077
4007, 0.8076923076923077
4008, 0.8076923076923077
4009, 0.8076923076923077
4010, 0.8076923076923077
4011, 0.8076923076923077
4012, 0.8076923076923077
4013, 0.8076923076923077
4014, 0.8076923076923077
4015, 0.8076923076923077
4016, 0.8076923076923077
4017, 0.8076923076923077
4018, 0.8076923076923077
4019, 0.8076923076923077
4020, 0.8076923076923077
4021, 0.8076923076923077
4022, 0.8076923076923077
4023, 0.8076923076923077
4024, 0.8076923076923077
4025, 0.8076923076923077
4026, 0.8076923076923077
4027, 0.8076923076923077
4028, 0.8076923076923077
4029, 0.8076923076923077
4030, 0.8076923076923077
4031, 0.8076923076923077
4032, 0.8076923076923077
4033, 0.8076923076923077
4034, 0.8076923076923077
4035, 0.8076923076923077
4036, 0.8076923076923077
4037, 0.8076923076923077
4038, 0.8076923076923077
4039, 0.8076923076923077
4040, 0.8076923076923077
4041, 0.8076923076923077
4042, 0.8076923076923077
4043, 0.8076923076923077
4044, 0.8076923076923077
4045, 0.8076923076923077
4046, 0.8076923076923077
4047, 0.8076923076923077
4048, 0.8076923076923077
4049, 0.8076923076923077
4050, 0.8076923076923077
4051, 0.8076923076923077
4052, 0.8076923076923077
4053, 0.8076923076923077
4054, 0.8076923076923077
4055, 0.8076923076923077
4056, 0.8076923076923077
4057, 0.8076923076923077
4058, 0.8076923076923077
4059, 0.8076923076923077
4060, 0.8076923076923077
4061, 0.8076923076923077
4062, 0.8076923076923077
4063, 0.8076923076923077
4064, 0.8076923076923077
4065, 0.8076923076923077
4066, 0.8076923076923077
4067, 0.8076923076923077
4068, 0.8076923076923077
4069, 0.8076923076923077
4070, 0.8076923076923077
4071, 0.8076923076923077
4072, 0.8076923076923077
4073, 0.8076923076923077
4074, 0.8076923076923077
4075, 0.8076923076923077
4076, 0.8076923076923077
4077, 0.8076923076923077
4078, 0.8076923076923077
4079, 0.8076923076923077
4080, 0.8076923076923077
4081, 0.8076923076923077
4082, 0.8076923076923077
4083, 0.8076923076923077
4084, 0.8076923076923077
4085, 0.8076923076923077
4086, 0.8076923076923077
4087, 0.8076923076923077
4088, 0.8076923076923077
4089, 0.8076923076923077
4090, 0.8076923076923077
4091, 0.8076923076923077
4092, 0.8076923076923077
4093, 0.8076923076923077
4094, 0.8076923076923077
4095, 0.8076923076923077
4096, 0.8076923076923077
4097, 0.8076923076923077
4098, 0.8076923076923077
4099, 0.8076923076923077
4100, 0.8076923076923077
4101, 0.8076923076923077
4102, 0.8076923076923077
4103, 0.8076923076923077
4104, 0.8076923076923077
4105, 0.8076923076923077
4106, 0.8076923076923077
4107, 0.8076923076923077
4108, 0.8076923076923077
4109, 0.8076923076923077
4110, 0.8076923076923077
4111, 0.8076923076923077
4112, 0.8076923076923077
4113, 0.8076923076923077
4114, 0.8076923076923077
4115, 0.8076923076923077
4116, 0.8076923076923077
4117, 0.8076923076923077
4118, 0.8076923076923077
4119, 0.8076923076923077
4120, 0.8076923076923077
4121, 0.8076923076923077
4122, 0.8076923076923077
4123, 0.8076923076923077
4124, 0.8076923076923077
4125, 0.8076923076923077
4126, 0.8076923076923077
4127, 0.8076923076923077
4128, 0.8076923076923077
4129, 0.8076923076923077
4130, 0.8076923076923077
4131, 0.8076923076923077
4132, 0.8076923076923077
4133, 0.8076923076923077
4134, 0.8076923076923077
4135, 0.8076923076923077
4136, 0.8076923076923077
4137, 0.8076923076923077
4138, 0.8076923076923077
4139, 0.8076923076923077
4140, 0.8076923076923077
4141, 0.8076923076923077
4142, 0.8076923076923077
4143, 0.8076923076923077
4144, 0.8076923076923077
4145, 0.8076923076923077
4146, 0.8076923076923077
4147, 0.8076923076923077
4148, 0.8076923076923077
4149, 0.8076923076923077
4150, 0.8076923076923077
4151, 0.8076923076923077
4152, 0.8076923076923077
4153, 0.8076923076923077
4154, 0.8076923076923077
4155, 0.8076923076923077
4156, 0.8076923076923077
4157, 0.8076923076923077
4158, 0.8076923076923077
4159, 0.8076923076923077
4160, 0.8076923076923077
4161, 0.8076923076923077
4162, 0.8076923076923077
4163, 0.8076923076923077
4164, 0.8076923076923077
4165, 0.8076923076923077
4166, 0.8076923076923077
4167, 0.8076923076923077
4168, 0.8076923076923077
4169, 0.8076923076923077
4170, 0.8076923076923077
4171, 0.8076923076923077
4172, 0.8076923076923077
4173, 0.8076923076923077
4174, 0.8076923076923077
4175, 0.8076923076923077
4176, 0.8076923076923077
4177, 0.8076923076923077
4178, 0.8076923076923077
4179, 0.8076923076923077
4180, 0.8076923076923077
4181, 0.8076923076923077
4182, 0.8076923076923077
4183, 0.8076923076923077
4184, 0.8076923076923077
4185, 0.8076923076923077
4186, 0.8076923076923077
4187, 0.8076923076923077
4188, 0.8076923076923077
4189, 0.8076923076923077
4190, 0.8076923076923077
4191, 0.8076923076923077
4192, 0.8076923076923077
4193, 0.8076923076923077
4194, 0.8076923076923077
4195, 0.8076923076923077
4196, 0.8076923076923077
4197, 0.8076923076923077
4198, 0.8076923076923077
4199, 0.8076923076923077
4200, 0.8076923076923077
4201, 0.8076923076923077
4202, 0.8076923076923077
4203, 0.8076923076923077
4204, 0.8076923076923077
4205, 0.8076923076923077
4206, 0.8076923076923077
4207, 0.8076923076923077
4208, 0.8076923076923077
4209, 0.8076923076923077
4210, 0.8076923076923077
4211, 0.8076923076923077
4212, 0.8076923076923077
4213, 0.8076923076923077
4214, 0.8076923076923077
4215, 0.8076923076923077
4216, 0.8076923076923077
4217, 0.8076923076923077
4218, 0.8076923076923077
4219, 0.8076923076923077
4220, 0.8076923076923077
4221, 0.8076923076923077
4222, 0.8076923076923077
4223, 0.8076923076923077
4224, 0.8076923076923077
4225, 0.8076923076923077
4226, 0.8076923076923077
4227, 0.8076923076923077
4228, 0.8076923076923077
4229, 0.8076923076923077
4230, 0.8076923076923077
4231, 0.8076923076923077
4232, 0.8076923076923077
4233, 0.8076923076923077
4234, 0.8076923076923077
4235, 0.8076923076923077
4236, 0.8076923076923077
4237, 0.8076923076923077
4238, 0.8076923076923077
4239, 0.8076923076923077
4240, 0.8076923076923077
4241, 0.8076923076923077
4242, 0.8076923076923077
4243, 0.8076923076923077
4244, 0.8076923076923077
4245, 0.8076923076923077
4246, 0.8076923076923077
4247, 0.8076923076923077
4248, 0.8076923076923077
4249, 0.8076923076923077
4250, 0.8076923076923077
4251, 0.8076923076923077
4252, 0.8076923076923077
4253, 0.8076923076923077
4254, 0.8076923076923077
4255, 0.8076923076923077
4256, 0.8076923076923077
4257, 0.8076923076923077
4258, 0.8076923076923077
4259, 0.8076923076923077
4260, 0.8076923076923077
4261, 0.8076923076923077
4262, 0.8076923076923077
4263, 0.8076923076923077
4264, 0.8076923076923077
4265, 0.8076923076923077
4266, 0.8076923076923077
4267, 0.8076923076923077
4268, 0.8076923076923077
4269, 0.8076923076923077
4270, 0.8076923076923077
4271, 0.8076923076923077
4272, 0.8076923076923077
4273, 0.8076923076923077
4274, 0.8076923076923077
4275, 0.8076923076923077
4276, 0.8076923076923077
4277, 0.8076923076923077
4278, 0.8076923076923077
4279, 0.8076923076923077
4280, 0.8076923076923077
4281, 0.8076923076923077
4282, 0.8076923076923077
4283, 0.8076923076923077
4284, 0.8076923076923077
4285, 0.8076923076923077
4286, 0.8076923076923077
4287, 0.8076923076923077
4288, 0.8076923076923077
4289, 0.8076923076923077
4290, 0.8076923076923077
4291, 0.8076923076923077
4292, 0.8076923076923077
4293, 0.8076923076923077
4294, 0.8076923076923077
4295, 0.8076923076923077
4296, 0.8076923076923077
4297, 0.8076923076923077
4298, 0.8076923076923077
4299, 0.8076923076923077
4300, 0.8076923076923077
4301, 0.8076923076923077
4302, 0.8076923076923077
4303, 0.8076923076923077
4304, 0.8076923076923077
4305, 0.8076923076923077
4306, 0.8076923076923077
4307, 0.8076923076923077
4308, 0.8076923076923077
4309, 0.8076923076923077
4310, 0.8076923076923077
4311, 0.8076923076923077
4312, 0.8076923076923077
4313, 0.8076923076923077
4314, 0.8076923076923077
4315, 0.8076923076923077
4316, 0.8076923076923077
4317, 0.8076923076923077
4318, 0.8076923076923077
4319, 0.8076923076923077
4320, 0.8076923076923077
4321, 0.8076923076923077
4322, 0.8076923076923077
4323, 0.8076923076923077
4324, 0.8076923076923077
4325, 0.8076923076923077
4326, 0.8076923076923077
4327, 0.8076923076923077
4328, 0.8076923076923077
4329, 0.8076923076923077
4330, 0.8076923076923077
4331, 0.8076923076923077
4332, 0.8076923076923077
4333, 0.8076923076923077
4334, 0.8076923076923077
4335, 0.8076923076923077
4336, 0.8076923076923077
4337, 0.8076923076923077
4338, 0.8076923076923077
4339, 0.8076923076923077
4340, 0.8076923076923077
4341, 0.8076923076923077
4342, 0.8076923076923077
4343, 0.8076923076923077
4344, 0.8076923076923077
4345, 0.8076923076923077
4346, 0.8076923076923077
4347, 0.8076923076923077
4348, 0.8076923076923077
4349, 0.8076923076923077
4350, 0.8076923076923077
4351, 0.8076923076923077
4352, 0.8076923076923077
4353, 0.8076923076923077
4354, 0.8076923076923077
4355, 0.8076923076923077
4356, 0.8076923076923077
4357, 0.8076923076923077
4358, 0.8076923076923077
4359, 0.8076923076923077
4360, 0.8076923076923077
4361, 0.8076923076923077
4362, 0.8076923076923077
4363, 0.8076923076923077
4364, 0.8076923076923077
4365, 0.8076923076923077
4366, 0.8076923076923077
4367, 0.8076923076923077
4368, 0.8076923076923077
4369, 0.8076923076923077
4370, 0.8076923076923077
4371, 0.8076923076923077
4372, 0.8076923076923077
4373, 0.8076923076923077
4374, 0.8076923076923077
4375, 0.8076923076923077
4376, 0.8076923076923077
4377, 0.8076923076923077
4378, 0.8076923076923077
4379, 0.8076923076923077
4380, 0.8076923076923077
4381, 0.8076923076923077
4382, 0.8076923076923077
4383, 0.8076923076923077
4384, 0.8076923076923077
4385, 0.8076923076923077
4386, 0.8076923076923077
4387, 0.8076923076923077
4388, 0.8076923076923077
4389, 0.8076923076923077
4390, 0.8076923076923077
4391, 0.8076923076923077
4392, 0.8076923076923077
4393, 0.8076923076923077
4394, 0.8076923076923077
4395, 0.8076923076923077
4396, 0.8076923076923077
4397, 0.8076923076923077
4398, 0.8076923076923077
4399, 0.8076923076923077
4400, 0.8076923076923077
4401, 0.8076923076923077
4402, 0.8076923076923077
4403, 0.8076923076923077
4404, 0.8076923076923077
4405, 0.8076923076923077
4406, 0.8076923076923077
4407, 0.8076923076923077
4408, 0.8076923076923077
4409, 0.8076923076923077
4410, 0.8076923076923077
4411, 0.8076923076923077
4412, 0.8076923076923077
4413, 0.8076923076923077
4414, 0.8076923076923077
4415, 0.8076923076923077
4416, 0.8076923076923077
4417, 0.8076923076923077
4418, 0.8076923076923077
4419, 0.8076923076923077
4420, 0.8076923076923077
4421, 0.8076923076923077
4422, 0.8076923076923077
4423, 0.8076923076923077
4424, 0.8076923076923077
4425, 0.8076923076923077
4426, 0.8076923076923077
4427, 0.8076923076923077
4428, 0.8076923076923077
4429, 0.8076923076923077
4430, 0.8076923076923077
4431, 0.8076923076923077
4432, 0.8076923076923077
4433, 0.8076923076923077
4434, 0.8076923076923077
4435, 0.8076923076923077
4436, 0.8076923076923077
4437, 0.8076923076923077
4438, 0.8076923076923077
4439, 0.8076923076923077
4440, 0.8076923076923077
4441, 0.8076923076923077
4442, 0.8076923076923077
4443, 0.8076923076923077
4444, 0.8076923076923077
4445, 0.8076923076923077
4446, 0.8076923076923077
4447, 0.8076923076923077
4448, 0.8076923076923077
4449, 0.8076923076923077
4450, 0.8076923076923077
4451, 0.8076923076923077
4452, 0.8076923076923077
4453, 0.8076923076923077
4454, 0.8076923076923077
4455, 0.8076923076923077
4456, 0.8076923076923077
4457, 0.8076923076923077
4458, 0.8076923076923077
4459, 0.8076923076923077
4460, 0.8076923076923077
4461, 0.8076923076923077
4462, 0.8076923076923077
4463, 0.8076923076923077
4464, 0.8076923076923077
4465, 0.8076923076923077
4466, 0.8076923076923077
4467, 0.8076923076923077
4468, 0.8076923076923077
4469, 0.8076923076923077
4470, 0.8076923076923077
4471, 0.8076923076923077
4472, 0.8076923076923077
4473, 0.8461538461538461
4474, 0.8461538461538461
4475, 0.8461538461538461
4476, 0.8461538461538461
4477, 0.8461538461538461
4478, 0.8461538461538461
4479, 0.8461538461538461
4480, 0.8461538461538461
4481, 0.8461538461538461
4482, 0.8461538461538461
4483, 0.8461538461538461
4484, 0.8461538461538461
4485, 0.8461538461538461
4486, 0.8461538461538461
4487, 0.8461538461538461
4488, 0.8461538461538461
4489, 0.8461538461538461
4490, 0.8461538461538461
4491, 0.8461538461538461
4492, 0.8461538461538461
4493, 0.8461538461538461
4494, 0.8461538461538461
4495, 0.8461538461538461
4496, 0.8461538461538461
4497, 0.8461538461538461
4498, 0.8461538461538461
4499, 0.8461538461538461
4500, 0.8461538461538461
4501, 0.8461538461538461
4502, 0.8461538461538461
4503, 0.8461538461538461
4504, 0.8461538461538461
4505, 0.8461538461538461
4506, 0.8461538461538461
4507, 0.8461538461538461
4508, 0.8461538461538461
4509, 0.8461538461538461
4510, 0.8461538461538461
4511, 0.8461538461538461
4512, 0.8461538461538461
4513, 0.8461538461538461
4514, 0.8461538461538461
4515, 0.8461538461538461
4516, 0.8461538461538461
4517, 0.8461538461538461
4518, 0.8461538461538461
4519, 0.8461538461538461
4520, 0.8461538461538461
4521, 0.8461538461538461
4522, 0.8461538461538461
4523, 0.8461538461538461
4524, 0.8461538461538461
4525, 0.8461538461538461
4526, 0.8461538461538461
4527, 0.8461538461538461
4528, 0.8461538461538461
4529, 0.8461538461538461
4530, 0.8461538461538461
4531, 0.8461538461538461
4532, 0.8461538461538461
4533, 0.8461538461538461
4534, 0.8461538461538461
4535, 0.8461538461538461
4536, 0.8461538461538461
4537, 0.8461538461538461
4538, 0.8461538461538461
4539, 0.8461538461538461
4540, 0.8461538461538461
4541, 0.8461538461538461
4542, 0.8461538461538461
4543, 0.8461538461538461
4544, 0.8461538461538461
4545, 0.8461538461538461
4546, 0.8461538461538461
4547, 0.8461538461538461
4548, 0.8461538461538461
4549, 0.8461538461538461
4550, 0.8461538461538461
4551, 0.8461538461538461
4552, 0.8461538461538461
4553, 0.8461538461538461
4554, 0.8461538461538461
4555, 0.8461538461538461
4556, 0.8461538461538461
4557, 0.8461538461538461
4558, 0.8461538461538461
4559, 0.8461538461538461
4560, 0.8461538461538461
4561, 0.8461538461538461
4562, 0.8461538461538461
4563, 0.8461538461538461
4564, 0.8461538461538461
4565, 0.8461538461538461
4566, 0.8461538461538461
4567, 0.8461538461538461
4568, 0.8461538461538461
4569, 0.8461538461538461
4570, 0.8461538461538461
4571, 0.8461538461538461
4572, 0.8461538461538461
4573, 0.8461538461538461
4574, 0.8461538461538461
4575, 0.8461538461538461
4576, 0.8461538461538461
4577, 0.8461538461538461
4578, 0.8461538461538461
4579, 0.8461538461538461
4580, 0.8461538461538461
4581, 0.8461538461538461
4582, 0.8461538461538461
4583, 0.8461538461538461
4584, 0.8461538461538461
4585, 0.8461538461538461
4586, 0.8461538461538461
4587, 0.8461538461538461
4588, 0.8461538461538461
4589, 0.8461538461538461
4590, 0.8461538461538461
4591, 0.8461538461538461
4592, 0.8461538461538461
4593, 0.8461538461538461
4594, 0.8461538461538461
4595, 0.8461538461538461
4596, 0.8461538461538461
4597, 0.8461538461538461
4598, 0.8461538461538461
4599, 0.8461538461538461
4600, 0.8461538461538461
4601, 0.8461538461538461
4602, 0.8461538461538461
4603, 0.8461538461538461
4604, 0.8461538461538461
4605, 0.8461538461538461
4606, 0.8461538461538461
4607, 0.8461538461538461
4608, 0.8461538461538461
4609, 0.8461538461538461
4610, 0.8461538461538461
4611, 0.8461538461538461
4612, 0.8461538461538461
4613, 0.8461538461538461
4614, 0.8461538461538461
4615, 0.8461538461538461
4616, 0.8461538461538461
4617, 0.8461538461538461
4618, 0.8461538461538461
4619, 0.8461538461538461
4620, 0.8461538461538461
4621, 0.8461538461538461
4622, 0.8461538461538461
4623, 0.8461538461538461
4624, 0.8461538461538461
4625, 0.8461538461538461
4626, 0.8461538461538461
4627, 0.8461538461538461
4628, 0.8461538461538461
4629, 0.8461538461538461
4630, 0.8461538461538461
4631, 0.8461538461538461
4632, 0.8461538461538461
4633, 0.8461538461538461
4634, 0.8461538461538461
4635, 0.8461538461538461
4636, 0.8461538461538461
4637, 0.8461538461538461
4638, 0.8461538461538461
4639, 0.8461538461538461
4640, 0.8461538461538461
4641, 0.8461538461538461
4642, 0.8461538461538461
4643, 0.8461538461538461
4644, 0.8461538461538461
4645, 0.8461538461538461
4646, 0.8461538461538461
4647, 0.8461538461538461
4648, 0.8461538461538461
4649, 0.8461538461538461
4650, 0.8461538461538461
4651, 0.8461538461538461
4652, 0.8461538461538461
4653, 0.8461538461538461
4654, 0.8461538461538461
4655, 0.8461538461538461
4656, 0.8461538461538461
4657, 0.8461538461538461
4658, 0.8461538461538461
4659, 0.8461538461538461
4660, 0.8461538461538461
4661, 0.8461538461538461
4662, 0.8461538461538461
4663, 0.8461538461538461
4664, 0.8461538461538461
4665, 0.8461538461538461
4666, 0.8461538461538461
4667, 0.8461538461538461
4668, 0.8461538461538461
4669, 0.8461538461538461
4670, 0.8461538461538461
4671, 0.8461538461538461
4672, 0.8461538461538461
4673, 0.8461538461538461
4674, 0.8461538461538461
4675, 0.8461538461538461
4676, 0.8461538461538461
4677, 0.8461538461538461
4678, 0.8461538461538461
4679, 0.8461538461538461
4680, 0.8461538461538461
4681, 0.8461538461538461
4682, 0.8461538461538461
4683, 0.8461538461538461
4684, 0.8461538461538461
4685, 0.8461538461538461
4686, 0.8461538461538461
4687, 0.8461538461538461
4688, 0.8461538461538461
4689, 0.8461538461538461
4690, 0.8461538461538461
4691, 0.8461538461538461
4692, 0.8461538461538461
4693, 0.8461538461538461
4694, 0.8461538461538461
4695, 0.8461538461538461
4696, 0.8461538461538461
4697, 0.8461538461538461
4698, 0.8461538461538461
4699, 0.8461538461538461
4700, 0.8461538461538461
4701, 0.8461538461538461
4702, 0.8461538461538461
4703, 0.8461538461538461
4704, 0.8461538461538461
4705, 0.8461538461538461
4706, 0.8461538461538461
4707, 0.8461538461538461
4708, 0.8461538461538461
4709, 0.8461538461538461
4710, 0.8461538461538461
4711, 0.8461538461538461
4712, 0.8461538461538461
4713, 0.8461538461538461
4714, 0.8461538461538461
4715, 0.8461538461538461
4716, 0.8461538461538461
4717, 0.8461538461538461
4718, 0.8461538461538461
4719, 0.8461538461538461
4720, 0.8461538461538461
4721, 0.8461538461538461
4722, 0.8461538461538461
4723, 0.8461538461538461
4724, 0.8461538461538461
4725, 0.8461538461538461
4726, 0.8461538461538461
4727, 0.8461538461538461
4728, 0.8461538461538461
4729, 0.8461538461538461
4730, 0.8461538461538461
4731, 0.8461538461538461
4732, 0.8461538461538461
4733, 0.8461538461538461
4734, 0.8461538461538461
4735, 0.8461538461538461
4736, 0.8461538461538461
4737, 0.8461538461538461
4738, 0.8461538461538461
4739, 0.8461538461538461
4740, 0.8461538461538461
4741, 0.8461538461538461
4742, 0.8461538461538461
4743, 0.8461538461538461
4744, 0.8461538461538461
4745, 0.8461538461538461
4746, 0.8461538461538461
4747, 0.8461538461538461
4748, 0.8461538461538461
4749, 0.8461538461538461
4750, 0.8461538461538461
4751, 0.8461538461538461
4752, 0.8461538461538461
4753, 0.8461538461538461
4754, 0.8461538461538461
4755, 0.8461538461538461
4756, 0.8461538461538461
4757, 0.8461538461538461
4758, 0.8461538461538461
4759, 0.8461538461538461
4760, 0.8461538461538461
4761, 0.8461538461538461
4762, 0.8461538461538461
4763, 0.8461538461538461
4764, 0.8461538461538461
4765, 0.8461538461538461
4766, 0.8461538461538461
4767, 0.8461538461538461
4768, 0.8461538461538461
4769, 0.8461538461538461
4770, 0.8461538461538461
4771, 0.8461538461538461
4772, 0.8461538461538461
4773, 0.8461538461538461
4774, 0.8461538461538461
4775, 0.8461538461538461
4776, 0.8461538461538461
4777, 0.8461538461538461
4778, 0.8461538461538461
4779, 0.8461538461538461
4780, 0.8461538461538461
4781, 0.8461538461538461
4782, 0.8461538461538461
4783, 0.8461538461538461
4784, 0.8461538461538461
4785, 0.8461538461538461
4786, 0.8461538461538461
4787, 0.8461538461538461
4788, 0.8461538461538461
4789, 0.8461538461538461
4790, 0.8461538461538461
4791, 0.8461538461538461
4792, 0.8461538461538461
4793, 0.8461538461538461
4794, 0.8461538461538461
4795, 0.8461538461538461
4796, 0.8461538461538461
4797, 0.8461538461538461
4798, 0.8461538461538461
4799, 0.8461538461538461
4800, 0.8461538461538461
4801, 0.8461538461538461
4802, 0.8461538461538461
4803, 0.8461538461538461
4804, 0.8461538461538461
4805, 0.8461538461538461
4806, 0.8461538461538461
4807, 0.8461538461538461
4808, 0.8461538461538461
4809, 0.8461538461538461
4810, 0.8461538461538461
4811, 0.8461538461538461
4812, 0.8461538461538461
4813, 0.8461538461538461
4814, 0.8461538461538461
4815, 0.8461538461538461
4816, 0.8461538461538461
4817, 0.8461538461538461
4818, 0.8461538461538461
4819, 0.8461538461538461
4820, 0.8461538461538461
4821, 0.8461538461538461
4822, 0.8461538461538461
4823, 0.8461538461538461
4824, 0.8461538461538461
4825, 0.8461538461538461
4826, 0.8461538461538461
4827, 0.8461538461538461
4828, 0.8461538461538461
4829, 0.8461538461538461
4830, 0.8461538461538461
4831, 0.8461538461538461
4832, 0.8461538461538461
4833, 0.8461538461538461
4834, 0.8461538461538461
4835, 0.8461538461538461
4836, 0.8461538461538461
4837, 0.8461538461538461
4838, 0.8461538461538461
4839, 0.8461538461538461
4840, 0.8461538461538461
4841, 0.8461538461538461
4842, 0.8461538461538461
4843, 0.8461538461538461
4844, 0.8461538461538461
4845, 0.8461538461538461
4846, 0.8461538461538461
4847, 0.8461538461538461
4848, 0.8461538461538461
4849, 0.8461538461538461
4850, 0.8461538461538461
4851, 0.8461538461538461
4852, 0.8461538461538461
4853, 0.8461538461538461
4854, 0.8461538461538461
4855, 0.8461538461538461
4856, 0.8461538461538461
4857, 0.8461538461538461
4858, 0.8461538461538461
4859, 0.8461538461538461
4860, 0.8461538461538461
4861, 0.8461538461538461
4862, 0.8461538461538461
4863, 0.8461538461538461
4864, 0.8461538461538461
4865, 0.8461538461538461
4866, 0.8461538461538461
4867, 0.8461538461538461
4868, 0.8461538461538461
4869, 0.8461538461538461
4870, 0.8461538461538461
4871, 0.8461538461538461
4872, 0.8461538461538461
4873, 0.8461538461538461
4874, 0.8461538461538461
4875, 0.8461538461538461
4876, 0.8461538461538461
4877, 0.8461538461538461
4878, 0.8461538461538461
4879, 0.8461538461538461
4880, 0.8461538461538461
4881, 0.8461538461538461
4882, 0.8461538461538461
4883, 0.8461538461538461
4884, 0.8461538461538461
4885, 0.8461538461538461
4886, 0.8461538461538461
4887, 0.8461538461538461
4888, 0.8461538461538461
4889, 0.8461538461538461
4890, 0.8461538461538461
4891, 0.8461538461538461
4892, 0.8461538461538461
4893, 0.8461538461538461
4894, 0.8461538461538461
4895, 0.8461538461538461
4896, 0.8461538461538461
4897, 0.8461538461538461
4898, 0.8461538461538461
4899, 0.8461538461538461
4900, 0.8461538461538461
4901, 0.8461538461538461
4902, 0.8461538461538461
4903, 0.8461538461538461
4904, 0.8461538461538461
4905, 0.8461538461538461
4906, 0.8461538461538461
4907, 0.8461538461538461
4908, 0.8461538461538461
4909, 0.8461538461538461
4910, 0.8461538461538461
4911, 0.8461538461538461
4912, 0.8461538461538461
4913, 0.8461538461538461
4914, 0.8461538461538461
4915, 0.8461538461538461
4916, 0.8461538461538461
4917, 0.8461538461538461
4918, 0.8461538461538461
4919, 0.8461538461538461
4920, 0.8461538461538461
4921, 0.8461538461538461
4922, 0.8461538461538461
4923, 0.8461538461538461
4924, 0.8461538461538461
4925, 0.8461538461538461
4926, 0.8461538461538461
4927, 0.8461538461538461
4928, 0.8461538461538461
4929, 0.8461538461538461
4930, 0.8461538461538461
4931, 0.8461538461538461
4932, 0.8461538461538461
4933, 0.8461538461538461
4934, 0.8461538461538461
4935, 0.8461538461538461
4936, 0.8461538461538461
4937, 0.8461538461538461
4938, 0.8461538461538461
4939, 0.8461538461538461
4940, 0.8461538461538461
4941, 0.8461538461538461
4942, 0.8461538461538461
4943, 0.8461538461538461
4944, 0.8461538461538461
4945, 0.8461538461538461
4946, 0.8461538461538461
4947, 0.8461538461538461
4948, 0.8461538461538461
4949, 0.8461538461538461
4950, 0.8461538461538461
4951, 0.8461538461538461
4952, 0.8461538461538461
4953, 0.8461538461538461
4954, 0.8461538461538461
4955, 0.8461538461538461
4956, 0.8461538461538461
4957, 0.8461538461538461
4958, 0.8461538461538461
4959, 0.8461538461538461
4960, 0.8461538461538461
4961, 0.8461538461538461
4962, 0.8461538461538461
4963, 0.8461538461538461
4964, 0.8461538461538461
4965, 0.8461538461538461
4966, 0.8461538461538461
4967, 0.8461538461538461
4968, 0.8461538461538461
4969, 0.8461538461538461
4970, 0.8461538461538461
4971, 0.8461538461538461
4972, 0.8461538461538461
4973, 0.8461538461538461
4974, 0.8461538461538461
4975, 0.8461538461538461
4976, 0.8461538461538461
4977, 0.8461538461538461
4978, 0.8461538461538461
4979, 0.8461538461538461
4980, 0.8461538461538461
4981, 0.8461538461538461
4982, 0.8461538461538461
4983, 0.8461538461538461
4984, 0.8461538461538461
4985, 0.8461538461538461
4986, 0.8461538461538461
4987, 0.8461538461538461
4988, 0.8461538461538461
4989, 0.8461538461538461
4990, 0.8461538461538461
4991, 0.8461538461538461
4992, 0.8461538461538461
4993, 0.8461538461538461
4994, 0.8461538461538461
4995, 0.8461538461538461
4996, 0.8461538461538461
4997, 0.8461538461538461
4998, 0.8461538461538461
4999, 0.8461538461538461
